<?xml version="1.0" encoding="utf-8" standalone="no"?>
<!DOCTYPE svg PUBLIC "-//W3C//DTD SVG 1.1//EN"
  "http://www.w3.org/Graphics/SVG/1.1/DTD/svg11.dtd">
<svg xmlns:xlink="http://www.w3.org/1999/xlink" width="460.8pt" height="345.6pt" viewBox="0 0 460.8 345.6" xmlns="http://www.w3.org/2000/svg" version="1.1">
 <metadata>
  <rdf:RDF xmlns:dc="http://purl.org/dc/elements/1.1/" xmlns:cc="http://creativecommons.org/ns#" xmlns:rdf="http://www.w3.org/1999/02/22-rdf-syntax-ns#">
   <cc:Work>
    <dc:type rdf:resource="http://purl.org/dc/dcmitype/StillImage"/>
    <dc:date>2025-06-01T16:43:57.704251</dc:date>
    <dc:format>image/svg+xml</dc:format>
    <dc:creator>
     <cc:Agent>
      <dc:title>Matplotlib v3.10.3, https://matplotlib.org/</dc:title>
     </cc:Agent>
    </dc:creator>
   </cc:Work>
  </rdf:RDF>
 </metadata>
 <defs>
  <style type="text/css">*{stroke-linejoin: round; stroke-linecap: butt}</style>
 </defs>
 <g id="figure_1">
  <g id="patch_1">
   <path d="M 0 345.6 
L 460.8 345.6 
L 460.8 0 
L 0 0 
z
" style="fill: #ffffff"/>
  </g>
  <g id="axes_1">
   <g id="patch_2">
    <path d="M 47.961177 279.599698 
L 243.946343 279.599698 
L 243.946343 83.614532 
L 47.961177 83.614532 
z
" style="fill: #ffffff"/>
   </g>
   <g id="line2d_1">
    <path d="M 146.364231 246.932925 
L 150.055791 246.793706 
L 153.734237 246.446091 
L 157.38781 245.891192 
L 161.004829 245.130783 
L 164.573731 244.167294 
L 168.083107 243.003806 
L 171.521737 241.644038 
L 174.878629 240.092337 
L 178.143051 238.353665 
L 181.304566 236.433578 
L 184.353068 234.338217 
L 187.278811 232.074279 
L 190.072441 229.649002 
L 192.725028 227.070139 
L 195.228091 224.345935 
L 197.573629 221.485099 
L 199.754142 218.496777 
L 201.762661 215.390521 
L 203.592764 212.176264 
L 205.238599 208.864279 
L 206.694907 205.465156 
L 207.95703 201.98976 
L 209.020935 198.449203 
L 209.88322 194.854804 
L 210.541127 191.218053 
L 210.992555 187.550576 
L 211.23606 183.864099 
L 211.270863 180.170406 
L 211.096853 176.481307 
L 210.714586 172.808594 
L 210.125285 169.164009 
L 209.330833 165.559204 
L 208.33377 162.005702 
L 207.137285 158.514865 
L 205.7452 155.097851 
L 204.161968 151.765585 
L 202.39265 148.52872 
L 200.442902 145.397603 
L 198.318956 142.382245 
L 196.027604 139.492286 
L 193.57617 136.736963 
L 190.972492 134.125087 
L 188.224892 131.665006 
L 185.342156 129.364586 
L 182.333499 127.23118 
L 179.208539 125.27161 
L 175.977266 123.492139 
L 172.650011 121.898456 
L 169.23741 120.495657 
L 165.750374 119.288225 
L 162.200049 118.280021 
L 158.597787 117.474269 
L 154.955103 116.873543 
L 151.283642 116.479765 
L 147.595142 116.294193 
L 143.901395 116.31742 
L 140.214209 116.549373 
L 136.545372 116.98931 
L 132.906613 117.635824 
L 129.309564 118.486848 
L 125.765725 119.539663 
L 122.286426 120.790901 
L 118.882789 122.236563 
L 115.565695 123.872028 
L 112.345749 125.692067 
L 109.233246 127.690861 
L 106.238134 129.86202 
L 103.369989 132.198604 
L 100.637982 134.693142 
L 98.050844 137.33766 
L 95.616848 140.123704 
L 93.343774 143.042366 
L 91.23889 146.084317 
L 89.308925 149.23983 
L 87.560048 152.498819 
L 85.99785 155.850865 
L 84.627326 159.285251 
L 83.452857 162.790998 
L 82.478198 166.356898 
L 81.706465 169.971552 
L 81.140124 173.623404 
L 80.780987 177.300779 
L 80.630201 180.991921 
L 80.688249 184.68503 
L 80.954945 188.368298 
L 81.429436 192.029952 
L 82.110206 195.658286 
L 82.995078 199.241698 
L 84.081223 202.768735 
L 85.365169 206.22812 
L 86.842811 209.608793 
L 88.509426 212.899948 
L 90.359685 216.091063 
L 92.387673 219.171935 
L 94.586908 222.132716 
L 96.950357 224.96394 
L 99.470466 227.656557 
L 102.139178 230.201957 
L 104.947962 232.592004 
L 107.887837 234.819057 
L 110.949405 236.875996 
L 114.12288 238.756246 
L 117.398114 240.453795 
L 120.764639 241.963216 
L 124.211691 243.279684 
L 127.72825 244.398991 
L 131.303075 245.317558 
L 134.924737 246.032448 
L 138.581657 246.541376 
L 142.262145 246.842715 
L 145.954436 246.935501 
L 145.954436 246.935501 
" clip-path="url(#pf41f02139b)" style="fill: none; stroke: #1f77b4; stroke-opacity: 0.5; stroke-width: 1.5; stroke-linecap: square"/>
   </g>
   <g id="line2d_2">
    <path d="M 146.494888 246.932925 
L 151.361508 246.793706 
L 156.21084 246.446091 
L 161.027381 245.891192 
L 165.795733 245.130783 
L 170.500652 244.167294 
L 175.127097 243.003806 
L 179.660277 241.644038 
L 184.085701 240.092337 
L 188.38922 238.353665 
L 192.557077 236.433578 
L 196.575947 234.338217 
L 200.432983 232.074279 
L 204.115853 229.649002 
L 207.612785 227.070139 
L 210.912598 224.345935 
L 214.004743 221.485099 
L 216.879336 218.496777 
L 219.527186 215.390521 
L 221.683618 212.53842 
L 223.64875 209.608183 
L 225.417617 206.607213 
L 226.98575 203.543091 
L 228.349189 200.423556 
L 229.50449 197.256488 
L 230.448733 194.049889 
L 231.179534 190.811859 
L 231.695046 187.550576 
L 231.993968 184.27428 
L 232.075544 180.991246 
L 231.939569 177.709768 
L 231.586385 174.438134 
L 231.016885 171.184611 
L 230.232507 167.957415 
L 229.235233 164.7647 
L 228.027582 161.614531 
L 226.612605 158.514865 
L 224.993876 155.473532 
L 223.175484 152.498215 
L 221.162023 149.59643 
L 218.958579 146.775506 
L 216.570717 144.042571 
L 213.671465 141.081779 
L 210.555725 138.250542 
L 207.233459 135.557913 
L 203.715287 133.012498 
L 200.012457 130.622437 
L 196.136805 128.395369 
L 192.100723 126.338414 
L 187.917114 124.458148 
L 183.599351 122.760582 
L 179.161239 121.251143 
L 174.616965 119.934657 
L 169.981058 118.815332 
L 165.268337 117.896747 
L 160.49387 117.181838 
L 155.672919 116.672891 
L 150.820897 116.371533 
L 145.953315 116.278727 
L 141.085735 116.394771 
L 136.233717 116.719292 
L 131.412773 117.251254 
L 126.638316 117.988956 
L 121.925608 118.930039 
L 117.289716 120.071495 
L 112.745461 121.409675 
L 108.307369 122.940301 
L 103.98963 124.65848 
L 99.806046 126.558718 
L 95.769992 128.634941 
L 91.894371 130.880511 
L 88.191573 133.28825 
L 84.673436 135.850459 
L 81.351207 138.558949 
L 78.235506 141.40506 
L 75.336294 144.379693 
L 72.66284 147.473339 
L 70.482887 150.315171 
L 68.493581 153.236049 
L 66.699947 156.228596 
L 65.106516 159.285251 
L 63.717312 162.398293 
L 62.535845 165.559858 
L 61.5651 168.761961 
L 60.807529 171.996511 
L 60.265045 175.255339 
L 59.939019 178.530212 
L 59.830275 181.812858 
L 59.939086 185.094983 
L 60.265179 188.368298 
L 60.80773 191.624534 
L 61.565367 194.855465 
L 62.536177 198.052929 
L 63.717709 201.20885 
L 65.106976 204.315254 
L 66.70047 207.364296 
L 68.494165 210.348273 
L 70.483531 213.259646 
L 72.663541 216.091063 
L 75.02869 218.835369 
L 77.903323 221.809969 
L 80.995507 224.656043 
L 84.295358 227.364494 
L 87.792324 229.926662 
L 91.475227 232.334357 
L 95.332294 234.579882 
L 99.351192 236.656058 
L 103.519075 238.556247 
L 107.822618 240.274374 
L 112.248063 241.804948 
L 116.781261 243.143075 
L 121.407722 244.284477 
L 126.112654 245.225505 
L 130.881016 245.96315 
L 135.697565 246.495055 
L 140.546901 246.81952 
L 145.413523 246.935506 
L 145.95465 246.935501 
L 145.95465 246.935501 
" clip-path="url(#pf41f02139b)" style="fill: none; stroke: #ff7f0e; stroke-opacity: 0.5; stroke-width: 1.5; stroke-linecap: square"/>
   </g>
   <g id="patch_3">
    <path d="M 168.818696 181.607115 
C 168.818696 177.085399 167.477391 172.663707 164.96526 168.904037 
C 162.453129 165.144368 158.881313 162.213054 154.703793 160.482669 
C 150.526272 158.752283 145.927865 158.299379 141.493033 159.181522 
C 137.0582 160.063665 132.983145 162.241828 129.785809 165.439164 
C 126.588473 168.6365 124.410311 172.711555 123.528168 177.146387 
C 122.646025 181.58122 123.098928 186.179626 124.829314 190.357147 
C 126.5597 194.534668 129.491013 198.106484 133.250683 200.618614 
C 137.010352 203.130745 141.432045 204.472051 145.95376 204.472051 
" clip-path="url(#pf41f02139b)" style="fill: none; opacity: 0.5; stroke: #808080; stroke-width: 1.5; stroke-linejoin: miter"/>
   </g>
   <g id="patch_4">
    <path d="M 144.22018 201.972051 
Q 146.72018 203.222051 149.22018 204.472051 
Q 146.72018 205.722051 144.22018 206.972051 
z
" clip-path="url(#pf41f02139b)" style="fill: #808080; opacity: 0.5; stroke: #808080; stroke-linecap: round"/>
   </g>
   <g id="matplotlib.axis_1">
    <g id="xtick_1">
     <g id="line2d_3">
      <defs>
       <path id="m23e3686825" d="M 0 0 
L 0 3.5 
" style="stroke: #000000; stroke-width: 0.8"/>
      </defs>
      <g>
       <use xlink:href="#m23e3686825" x="47.961178" y="279.599698" style="stroke: #000000; stroke-width: 0.8"/>
      </g>
     </g>
     <g id="text_1">
      <!-- −1.5 -->
      <g transform="translate(35.819771 294.198135) scale(0.1 -0.1)">
       <defs>
        <path id="DejaVuSans-2212" d="M 678 2272 
L 4684 2272 
L 4684 1741 
L 678 1741 
L 678 2272 
z
" transform="scale(0.015625)"/>
        <path id="DejaVuSans-31" d="M 794 531 
L 1825 531 
L 1825 4091 
L 703 3866 
L 703 4441 
L 1819 4666 
L 2450 4666 
L 2450 531 
L 3481 531 
L 3481 0 
L 794 0 
L 794 531 
z
" transform="scale(0.015625)"/>
        <path id="DejaVuSans-2e" d="M 684 794 
L 1344 794 
L 1344 0 
L 684 0 
L 684 794 
z
" transform="scale(0.015625)"/>
        <path id="DejaVuSans-35" d="M 691 4666 
L 3169 4666 
L 3169 4134 
L 1269 4134 
L 1269 2991 
Q 1406 3038 1543 3061 
Q 1681 3084 1819 3084 
Q 2600 3084 3056 2656 
Q 3513 2228 3513 1497 
Q 3513 744 3044 326 
Q 2575 -91 1722 -91 
Q 1428 -91 1123 -41 
Q 819 9 494 109 
L 494 744 
Q 775 591 1075 516 
Q 1375 441 1709 441 
Q 2250 441 2565 725 
Q 2881 1009 2881 1497 
Q 2881 1984 2565 2268 
Q 2250 2553 1709 2553 
Q 1456 2553 1204 2497 
Q 953 2441 691 2322 
L 691 4666 
z
" transform="scale(0.015625)"/>
       </defs>
       <use xlink:href="#DejaVuSans-2212"/>
       <use xlink:href="#DejaVuSans-31" transform="translate(83.789062 0)"/>
       <use xlink:href="#DejaVuSans-2e" transform="translate(147.412109 0)"/>
       <use xlink:href="#DejaVuSans-35" transform="translate(179.199219 0)"/>
      </g>
     </g>
    </g>
    <g id="xtick_2">
     <g id="line2d_4">
      <g>
       <use xlink:href="#m23e3686825" x="80.625372" y="279.599698" style="stroke: #000000; stroke-width: 0.8"/>
      </g>
     </g>
     <g id="text_2">
      <!-- −1.0 -->
      <g transform="translate(68.483966 294.198135) scale(0.1 -0.1)">
       <defs>
        <path id="DejaVuSans-30" d="M 2034 4250 
Q 1547 4250 1301 3770 
Q 1056 3291 1056 2328 
Q 1056 1369 1301 889 
Q 1547 409 2034 409 
Q 2525 409 2770 889 
Q 3016 1369 3016 2328 
Q 3016 3291 2770 3770 
Q 2525 4250 2034 4250 
z
M 2034 4750 
Q 2819 4750 3233 4129 
Q 3647 3509 3647 2328 
Q 3647 1150 3233 529 
Q 2819 -91 2034 -91 
Q 1250 -91 836 529 
Q 422 1150 422 2328 
Q 422 3509 836 4129 
Q 1250 4750 2034 4750 
z
" transform="scale(0.015625)"/>
       </defs>
       <use xlink:href="#DejaVuSans-2212"/>
       <use xlink:href="#DejaVuSans-31" transform="translate(83.789062 0)"/>
       <use xlink:href="#DejaVuSans-2e" transform="translate(147.412109 0)"/>
       <use xlink:href="#DejaVuSans-30" transform="translate(179.199219 0)"/>
      </g>
     </g>
    </g>
    <g id="xtick_3">
     <g id="line2d_5">
      <g>
       <use xlink:href="#m23e3686825" x="113.289566" y="279.599698" style="stroke: #000000; stroke-width: 0.8"/>
      </g>
     </g>
     <g id="text_3">
      <!-- −0.5 -->
      <g transform="translate(101.14816 294.198135) scale(0.1 -0.1)">
       <use xlink:href="#DejaVuSans-2212"/>
       <use xlink:href="#DejaVuSans-30" transform="translate(83.789062 0)"/>
       <use xlink:href="#DejaVuSans-2e" transform="translate(147.412109 0)"/>
       <use xlink:href="#DejaVuSans-35" transform="translate(179.199219 0)"/>
      </g>
     </g>
    </g>
    <g id="xtick_4">
     <g id="line2d_6">
      <g>
       <use xlink:href="#m23e3686825" x="145.95376" y="279.599698" style="stroke: #000000; stroke-width: 0.8"/>
      </g>
     </g>
     <g id="text_4">
      <!-- 0.0 -->
      <g transform="translate(138.002198 294.198135) scale(0.1 -0.1)">
       <use xlink:href="#DejaVuSans-30"/>
       <use xlink:href="#DejaVuSans-2e" transform="translate(63.623047 0)"/>
       <use xlink:href="#DejaVuSans-30" transform="translate(95.410156 0)"/>
      </g>
     </g>
    </g>
    <g id="xtick_5">
     <g id="line2d_7">
      <g>
       <use xlink:href="#m23e3686825" x="178.617955" y="279.599698" style="stroke: #000000; stroke-width: 0.8"/>
      </g>
     </g>
     <g id="text_5">
      <!-- 0.5 -->
      <g transform="translate(170.666392 294.198135) scale(0.1 -0.1)">
       <use xlink:href="#DejaVuSans-30"/>
       <use xlink:href="#DejaVuSans-2e" transform="translate(63.623047 0)"/>
       <use xlink:href="#DejaVuSans-35" transform="translate(95.410156 0)"/>
      </g>
     </g>
    </g>
    <g id="xtick_6">
     <g id="line2d_8">
      <g>
       <use xlink:href="#m23e3686825" x="211.282149" y="279.599698" style="stroke: #000000; stroke-width: 0.8"/>
      </g>
     </g>
     <g id="text_6">
      <!-- 1.0 -->
      <g transform="translate(203.330586 294.198135) scale(0.1 -0.1)">
       <use xlink:href="#DejaVuSans-31"/>
       <use xlink:href="#DejaVuSans-2e" transform="translate(63.623047 0)"/>
       <use xlink:href="#DejaVuSans-30" transform="translate(95.410156 0)"/>
      </g>
     </g>
    </g>
    <g id="xtick_7">
     <g id="line2d_9">
      <g>
       <use xlink:href="#m23e3686825" x="243.946343" y="279.599698" style="stroke: #000000; stroke-width: 0.8"/>
      </g>
     </g>
     <g id="text_7">
      <!-- 1.5 -->
      <g transform="translate(235.994781 294.198135) scale(0.1 -0.1)">
       <use xlink:href="#DejaVuSans-31"/>
       <use xlink:href="#DejaVuSans-2e" transform="translate(63.623047 0)"/>
       <use xlink:href="#DejaVuSans-35" transform="translate(95.410156 0)"/>
      </g>
     </g>
    </g>
    <g id="text_8">
     <!-- x [m] -->
     <g transform="translate(132.633448 307.87626) scale(0.1 -0.1)">
      <defs>
       <path id="DejaVuSans-78" d="M 3513 3500 
L 2247 1797 
L 3578 0 
L 2900 0 
L 1881 1375 
L 863 0 
L 184 0 
L 1544 1831 
L 300 3500 
L 978 3500 
L 1906 2253 
L 2834 3500 
L 3513 3500 
z
" transform="scale(0.015625)"/>
       <path id="DejaVuSans-20" transform="scale(0.015625)"/>
       <path id="DejaVuSans-5b" d="M 550 4863 
L 1875 4863 
L 1875 4416 
L 1125 4416 
L 1125 -397 
L 1875 -397 
L 1875 -844 
L 550 -844 
L 550 4863 
z
" transform="scale(0.015625)"/>
       <path id="DejaVuSans-6d" d="M 3328 2828 
Q 3544 3216 3844 3400 
Q 4144 3584 4550 3584 
Q 5097 3584 5394 3201 
Q 5691 2819 5691 2113 
L 5691 0 
L 5113 0 
L 5113 2094 
Q 5113 2597 4934 2840 
Q 4756 3084 4391 3084 
Q 3944 3084 3684 2787 
Q 3425 2491 3425 1978 
L 3425 0 
L 2847 0 
L 2847 2094 
Q 2847 2600 2669 2842 
Q 2491 3084 2119 3084 
Q 1678 3084 1418 2786 
Q 1159 2488 1159 1978 
L 1159 0 
L 581 0 
L 581 3500 
L 1159 3500 
L 1159 2956 
Q 1356 3278 1631 3431 
Q 1906 3584 2284 3584 
Q 2666 3584 2933 3390 
Q 3200 3197 3328 2828 
z
" transform="scale(0.015625)"/>
       <path id="DejaVuSans-5d" d="M 1947 4863 
L 1947 -844 
L 622 -844 
L 622 -397 
L 1369 -397 
L 1369 4416 
L 622 4416 
L 622 4863 
L 1947 4863 
z
" transform="scale(0.015625)"/>
      </defs>
      <use xlink:href="#DejaVuSans-78"/>
      <use xlink:href="#DejaVuSans-20" transform="translate(59.179688 0)"/>
      <use xlink:href="#DejaVuSans-5b" transform="translate(90.966797 0)"/>
      <use xlink:href="#DejaVuSans-6d" transform="translate(129.980469 0)"/>
      <use xlink:href="#DejaVuSans-5d" transform="translate(227.392578 0)"/>
     </g>
    </g>
   </g>
   <g id="matplotlib.axis_2">
    <g id="ytick_1">
     <g id="line2d_10">
      <defs>
       <path id="mcb4f7d5471" d="M 0 0 
L -3.5 0 
" style="stroke: #000000; stroke-width: 0.8"/>
      </defs>
      <g>
       <use xlink:href="#mcb4f7d5471" x="47.961177" y="279.599698" style="stroke: #000000; stroke-width: 0.8"/>
      </g>
     </g>
     <g id="text_9">
      <!-- −1.5 -->
      <g transform="translate(16.678365 283.398917) scale(0.1 -0.1)">
       <use xlink:href="#DejaVuSans-2212"/>
       <use xlink:href="#DejaVuSans-31" transform="translate(83.789062 0)"/>
       <use xlink:href="#DejaVuSans-2e" transform="translate(147.412109 0)"/>
       <use xlink:href="#DejaVuSans-35" transform="translate(179.199219 0)"/>
      </g>
     </g>
    </g>
    <g id="ytick_2">
     <g id="line2d_11">
      <g>
       <use xlink:href="#mcb4f7d5471" x="47.961177" y="246.935504" style="stroke: #000000; stroke-width: 0.8"/>
      </g>
     </g>
     <g id="text_10">
      <!-- −1.0 -->
      <g transform="translate(16.678365 250.734722) scale(0.1 -0.1)">
       <use xlink:href="#DejaVuSans-2212"/>
       <use xlink:href="#DejaVuSans-31" transform="translate(83.789062 0)"/>
       <use xlink:href="#DejaVuSans-2e" transform="translate(147.412109 0)"/>
       <use xlink:href="#DejaVuSans-30" transform="translate(179.199219 0)"/>
      </g>
     </g>
    </g>
    <g id="ytick_3">
     <g id="line2d_12">
      <g>
       <use xlink:href="#mcb4f7d5471" x="47.961177" y="214.271309" style="stroke: #000000; stroke-width: 0.8"/>
      </g>
     </g>
     <g id="text_11">
      <!-- −0.5 -->
      <g transform="translate(16.678365 218.070528) scale(0.1 -0.1)">
       <use xlink:href="#DejaVuSans-2212"/>
       <use xlink:href="#DejaVuSans-30" transform="translate(83.789062 0)"/>
       <use xlink:href="#DejaVuSans-2e" transform="translate(147.412109 0)"/>
       <use xlink:href="#DejaVuSans-35" transform="translate(179.199219 0)"/>
      </g>
     </g>
    </g>
    <g id="ytick_4">
     <g id="line2d_13">
      <g>
       <use xlink:href="#mcb4f7d5471" x="47.961177" y="181.607115" style="stroke: #000000; stroke-width: 0.8"/>
      </g>
     </g>
     <g id="text_12">
      <!-- 0.0 -->
      <g transform="translate(25.058052 185.406334) scale(0.1 -0.1)">
       <use xlink:href="#DejaVuSans-30"/>
       <use xlink:href="#DejaVuSans-2e" transform="translate(63.623047 0)"/>
       <use xlink:href="#DejaVuSans-30" transform="translate(95.410156 0)"/>
      </g>
     </g>
    </g>
    <g id="ytick_5">
     <g id="line2d_14">
      <g>
       <use xlink:href="#mcb4f7d5471" x="47.961177" y="148.942921" style="stroke: #000000; stroke-width: 0.8"/>
      </g>
     </g>
     <g id="text_13">
      <!-- 0.5 -->
      <g transform="translate(25.058052 152.742139) scale(0.1 -0.1)">
       <use xlink:href="#DejaVuSans-30"/>
       <use xlink:href="#DejaVuSans-2e" transform="translate(63.623047 0)"/>
       <use xlink:href="#DejaVuSans-35" transform="translate(95.410156 0)"/>
      </g>
     </g>
    </g>
    <g id="ytick_6">
     <g id="line2d_15">
      <g>
       <use xlink:href="#mcb4f7d5471" x="47.961177" y="116.278726" style="stroke: #000000; stroke-width: 0.8"/>
      </g>
     </g>
     <g id="text_14">
      <!-- 1.0 -->
      <g transform="translate(25.058052 120.077945) scale(0.1 -0.1)">
       <use xlink:href="#DejaVuSans-31"/>
       <use xlink:href="#DejaVuSans-2e" transform="translate(63.623047 0)"/>
       <use xlink:href="#DejaVuSans-30" transform="translate(95.410156 0)"/>
      </g>
     </g>
    </g>
    <g id="ytick_7">
     <g id="line2d_16">
      <g>
       <use xlink:href="#mcb4f7d5471" x="47.961177" y="83.614532" style="stroke: #000000; stroke-width: 0.8"/>
      </g>
     </g>
     <g id="text_15">
      <!-- 1.5 -->
      <g transform="translate(25.058052 87.413751) scale(0.1 -0.1)">
       <use xlink:href="#DejaVuSans-31"/>
       <use xlink:href="#DejaVuSans-2e" transform="translate(63.623047 0)"/>
       <use xlink:href="#DejaVuSans-35" transform="translate(95.410156 0)"/>
      </g>
     </g>
    </g>
    <g id="text_16">
     <!-- y [m] -->
     <g transform="translate(10.598677 194.927427) rotate(-90) scale(0.1 -0.1)">
      <defs>
       <path id="DejaVuSans-79" d="M 2059 -325 
Q 1816 -950 1584 -1140 
Q 1353 -1331 966 -1331 
L 506 -1331 
L 506 -850 
L 844 -850 
Q 1081 -850 1212 -737 
Q 1344 -625 1503 -206 
L 1606 56 
L 191 3500 
L 800 3500 
L 1894 763 
L 2988 3500 
L 3597 3500 
L 2059 -325 
z
" transform="scale(0.015625)"/>
      </defs>
      <use xlink:href="#DejaVuSans-79"/>
      <use xlink:href="#DejaVuSans-20" transform="translate(59.179688 0)"/>
      <use xlink:href="#DejaVuSans-5b" transform="translate(90.966797 0)"/>
      <use xlink:href="#DejaVuSans-6d" transform="translate(129.980469 0)"/>
      <use xlink:href="#DejaVuSans-5d" transform="translate(227.392578 0)"/>
     </g>
    </g>
   </g>
   <g id="line2d_17">
    <path d="M 146.364231 246.932925 
" clip-path="url(#pf41f02139b)" style="fill: none; stroke: #ff7f0e; stroke-width: 1.5; stroke-linecap: square"/>
    <defs>
     <path id="m1bfc5b4fc9" d="M 0 -2.5 
L -2.5 2.5 
L 2.5 2.5 
z
" style="stroke: #ff7f0e; stroke-linejoin: miter"/>
    </defs>
    <g clip-path="url(#pf41f02139b)">
     <use xlink:href="#m1bfc5b4fc9" x="146.364231" y="246.932925" style="fill: #ff7f0e; stroke: #ff7f0e; stroke-linejoin: miter"/>
    </g>
   </g>
   <g id="line2d_18">
    <path d="M 146.494888 246.932925 
" clip-path="url(#pf41f02139b)" style="fill: none; stroke: #2ca02c; stroke-width: 1.5; stroke-linecap: square"/>
    <defs>
     <path id="mde20194c4c" d="M 0 2.5 
C 0.663008 2.5 1.29895 2.236584 1.767767 1.767767 
C 2.236584 1.29895 2.5 0.663008 2.5 0 
C 2.5 -0.663008 2.236584 -1.29895 1.767767 -1.767767 
C 1.29895 -2.236584 0.663008 -2.5 0 -2.5 
C -0.663008 -2.5 -1.29895 -2.236584 -1.767767 -1.767767 
C -2.236584 -1.29895 -2.5 -0.663008 -2.5 0 
C -2.5 0.663008 -2.236584 1.29895 -1.767767 1.767767 
C -1.29895 2.236584 -0.663008 2.5 0 2.5 
z
" style="stroke: #ff7f0e"/>
    </defs>
    <g clip-path="url(#pf41f02139b)">
     <use xlink:href="#mde20194c4c" x="146.494888" y="246.932925" style="fill: #ff7f0e; stroke: #ff7f0e"/>
    </g>
   </g>
   <g id="line2d_19">
    <path d="M 145.95376 181.607115 
L 146.774701 312.258734 
" clip-path="url(#pf41f02139b)" style="fill: none; stroke: #808080; stroke-width: 0.5; stroke-linecap: square"/>
   </g>
   <g id="line2d_20">
    <path d="M 166.531456 243.545379 
" clip-path="url(#pf41f02139b)" style="fill: none; stroke: #2ca02c; stroke-width: 1.5; stroke-linecap: square"/>
    <defs>
     <path id="mc9150431a6" d="M -0.772542 -2.377641 
L -1.605099 3.150184 
L 3.150184 1.605099 
z
" style="stroke: #2ca02c; stroke-linejoin: miter"/>
    </defs>
    <g clip-path="url(#pf41f02139b)">
     <use xlink:href="#mc9150431a6" x="166.531456" y="243.545379" style="fill: #2ca02c; stroke: #2ca02c; stroke-linejoin: miter"/>
    </g>
   </g>
   <g id="line2d_21">
    <path d="M 173.08154 243.545379 
" clip-path="url(#pf41f02139b)" style="fill: none; stroke: #d62728; stroke-width: 1.5; stroke-linecap: square"/>
    <defs>
     <path id="md89d9cde88" d="M 0.772542 2.377641 
C 1.4031 2.172761 1.926517 1.72572 2.227516 1.134976 
C 2.528516 0.544232 2.582522 -0.141985 2.377641 -0.772542 
C 2.172761 -1.4031 1.72572 -1.926517 1.134976 -2.227516 
C 0.544232 -2.528516 -0.141985 -2.582522 -0.772542 -2.377641 
C -1.4031 -2.172761 -1.926517 -1.72572 -2.227516 -1.134976 
C -2.528516 -0.544232 -2.582522 0.141985 -2.377641 0.772542 
C -2.172761 1.4031 -1.72572 1.926517 -1.134976 2.227516 
C -0.544232 2.528516 0.141985 2.582522 0.772542 2.377641 
z
" style="stroke: #2ca02c"/>
    </defs>
    <g clip-path="url(#pf41f02139b)">
     <use xlink:href="#md89d9cde88" x="173.08154" y="243.545379" style="fill: #2ca02c; stroke: #2ca02c"/>
    </g>
   </g>
   <g id="line2d_22">
    <path d="M 145.95376 181.607115 
L 187.109152 305.483643 
" clip-path="url(#pf41f02139b)" style="fill: none; stroke: #808080; stroke-width: 0.5; stroke-linecap: square"/>
   </g>
   <g id="line2d_23">
    <path d="M 184.684387 234.094865 
" clip-path="url(#pf41f02139b)" style="fill: none; stroke: #d62728; stroke-width: 1.5; stroke-linecap: square"/>
    <defs>
     <path id="m4a8a310509" d="M -1.469463 -2.022542 
L -0.553079 3.492006 
L 3.492006 0.553079 
z
" style="stroke: #d62728; stroke-linejoin: miter"/>
    </defs>
    <g clip-path="url(#pf41f02139b)">
     <use xlink:href="#m4a8a310509" x="184.684387" y="234.094865" style="fill: #d62728; stroke: #d62728; stroke-linejoin: miter"/>
    </g>
   </g>
   <g id="line2d_24">
    <path d="M 197.012729 234.094865 
" clip-path="url(#pf41f02139b)" style="fill: none; stroke: #9467bd; stroke-width: 1.5; stroke-linecap: square"/>
    <defs>
     <path id="m3278a94049" d="M 1.469463 2.022542 
C 2.005848 1.632836 2.365504 1.045931 2.469221 0.391086 
C 2.572938 -0.263759 2.412249 -0.933079 2.022542 -1.469463 
C 1.632836 -2.005848 1.045931 -2.365504 0.391086 -2.469221 
C -0.263759 -2.572938 -0.933079 -2.412249 -1.469463 -2.022542 
C -2.005848 -1.632836 -2.365504 -1.045931 -2.469221 -0.391086 
C -2.572938 0.263759 -2.412249 0.933079 -2.022542 1.469463 
C -1.632836 2.005848 -1.045931 2.365504 -0.391086 2.469221 
C 0.263759 2.572938 0.933079 2.412249 1.469463 2.022542 
z
" style="stroke: #d62728"/>
    </defs>
    <g clip-path="url(#pf41f02139b)">
     <use xlink:href="#m3278a94049" x="197.012729" y="234.094865" style="fill: #d62728; stroke: #d62728"/>
    </g>
   </g>
   <g id="line2d_25">
    <path d="M 145.95376 181.607115 
L 223.415014 286.582615 
" clip-path="url(#pf41f02139b)" style="fill: none; stroke: #808080; stroke-width: 0.5; stroke-linecap: square"/>
   </g>
   <g id="line2d_26">
    <path d="M 199.046082 219.506468 
" clip-path="url(#pf41f02139b)" style="fill: none; stroke: #9467bd; stroke-width: 1.5; stroke-linecap: square"/>
    <defs>
     <path id="m0fcdced9ec" d="M -2.022542 -1.469463 
L 0.553079 3.492006 
L 3.492006 -0.553079 
z
" style="stroke: #9467bd; stroke-linejoin: miter"/>
    </defs>
    <g clip-path="url(#pf41f02139b)">
     <use xlink:href="#m0fcdced9ec" x="199.046082" y="219.506468" style="fill: #9467bd; stroke: #9467bd; stroke-linejoin: miter"/>
    </g>
   </g>
   <g id="line2d_27">
    <path d="M 215.945893 219.506468 
" clip-path="url(#pf41f02139b)" style="fill: none; stroke: #8c564b; stroke-width: 1.5; stroke-linecap: square"/>
    <defs>
     <path id="ma231750f63" d="M 2.022542 1.469463 
C 2.412249 0.933079 2.572938 0.263759 2.469221 -0.391086 
C 2.365504 -1.045931 2.005848 -1.632836 1.469463 -2.022542 
C 0.933079 -2.412249 0.263759 -2.572938 -0.391086 -2.469221 
C -1.045931 -2.365504 -1.632836 -2.005848 -2.022542 -1.469463 
C -2.412249 -0.933079 -2.572938 -0.263759 -2.469221 0.391086 
C -2.365504 1.045931 -2.005848 1.632836 -1.469463 2.022542 
C -0.933079 2.412249 -0.263759 2.572938 0.391086 2.469221 
C 1.045931 2.365504 1.632836 2.005848 2.022542 1.469463 
z
" style="stroke: #9467bd"/>
    </defs>
    <g clip-path="url(#pf41f02139b)">
     <use xlink:href="#ma231750f63" x="215.945893" y="219.506468" style="fill: #9467bd; stroke: #9467bd"/>
    </g>
   </g>
   <g id="line2d_28">
    <path d="M 145.95376 181.607115 
L 252.138404 257.405821 
" clip-path="url(#pf41f02139b)" style="fill: none; stroke: #808080; stroke-width: 0.5; stroke-linecap: square"/>
   </g>
   <g id="line2d_29">
    <path d="M 208.210713 201.208206 
" clip-path="url(#pf41f02139b)" style="fill: none; stroke: #1f77b4; stroke-width: 1.5; stroke-linecap: square"/>
    <defs>
     <path id="m003eb1881e" d="M -2.377641 -0.772542 
L 1.605099 3.150184 
L 3.150184 -1.605099 
z
" style="stroke: #1f77b4; stroke-linejoin: miter"/>
    </defs>
    <g clip-path="url(#pf41f02139b)">
     <use xlink:href="#m003eb1881e" x="208.210713" y="201.208206" style="fill: #1f77b4; stroke: #1f77b4; stroke-linejoin: miter"/>
    </g>
   </g>
   <g id="line2d_30">
    <path d="M 228.027717 201.208206 
" clip-path="url(#pf41f02139b)" style="fill: none; stroke: #e377c2; stroke-width: 1.5; stroke-linecap: square"/>
    <defs>
     <path id="m63026cacc7" d="M 2.377641 0.772542 
C 2.582522 0.141985 2.528516 -0.544232 2.227516 -1.134976 
C 1.926517 -1.72572 1.4031 -2.172761 0.772542 -2.377641 
C 0.141985 -2.582522 -0.544232 -2.528516 -1.134976 -2.227516 
C -1.72572 -1.926517 -2.172761 -1.4031 -2.377641 -0.772542 
C -2.582522 -0.141985 -2.528516 0.544232 -2.227516 1.134976 
C -1.926517 1.72572 -1.4031 2.172761 -0.772542 2.377641 
C -0.141985 2.582522 0.544232 2.528516 1.134976 2.227516 
C 1.72572 1.926517 2.172761 1.4031 2.377641 0.772542 
z
" style="stroke: #1f77b4"/>
    </defs>
    <g clip-path="url(#pf41f02139b)">
     <use xlink:href="#m63026cacc7" x="228.027717" y="201.208206" style="fill: #1f77b4; stroke: #1f77b4"/>
    </g>
   </g>
   <g id="line2d_31">
    <path d="M 145.95376 181.607115 
L 270.467667 220.809296 
" clip-path="url(#pf41f02139b)" style="fill: none; stroke: #808080; stroke-width: 0.5; stroke-linecap: square"/>
   </g>
   <g id="line2d_32">
    <path d="M 211.281181 180.991246 
" clip-path="url(#pf41f02139b)" style="fill: none; stroke: #ff7f0e; stroke-width: 1.5; stroke-linecap: square"/>
    <defs>
     <path id="m816696c6d4" d="M -2.5 -0 
L 2.5 2.5 
L 2.5 -2.5 
z
" style="stroke: #ff7f0e; stroke-linejoin: miter"/>
    </defs>
    <g clip-path="url(#pf41f02139b)">
     <use xlink:href="#m816696c6d4" x="211.281181" y="180.991246" style="fill: #ff7f0e; stroke: #ff7f0e; stroke-linejoin: miter"/>
    </g>
   </g>
   <g id="line2d_33">
    <path d="M 232.075544 180.991246 
" clip-path="url(#pf41f02139b)" style="fill: none; stroke: #7f7f7f; stroke-width: 1.5; stroke-linecap: square"/>
    <defs>
     <path id="m1feeb82991" d="M 2.5 0 
C 2.5 -0.663008 2.236584 -1.29895 1.767767 -1.767767 
C 1.29895 -2.236584 0.663008 -2.5 0 -2.5 
C -0.663008 -2.5 -1.29895 -2.236584 -1.767767 -1.767767 
C -2.236584 -1.29895 -2.5 -0.663008 -2.5 -0 
C -2.5 0.663008 -2.236584 1.29895 -1.767767 1.767767 
C -1.29895 2.236584 -0.663008 2.5 -0 2.5 
C 0.663008 2.5 1.29895 2.236584 1.767767 1.767767 
C 2.236584 1.29895 2.5 0.663008 2.5 0 
z
" style="stroke: #ff7f0e"/>
    </defs>
    <g clip-path="url(#pf41f02139b)">
     <use xlink:href="#m1feeb82991" x="232.075544" y="180.991246" style="fill: #ff7f0e; stroke: #ff7f0e"/>
    </g>
   </g>
   <g id="line2d_34">
    <path d="M 145.95376 181.607115 
L 276.608601 180.375376 
" clip-path="url(#pf41f02139b)" style="fill: none; stroke: #808080; stroke-width: 0.5; stroke-linecap: square"/>
   </g>
   <g id="line2d_35">
    <path d="M 207.956924 160.834572 
" clip-path="url(#pf41f02139b)" style="fill: none; stroke: #2ca02c; stroke-width: 1.5; stroke-linecap: square"/>
    <defs>
     <path id="mbf11a394ea" d="M -2.377641 0.772542 
L 3.150184 1.605099 
L 1.605099 -3.150184 
z
" style="stroke: #2ca02c; stroke-linejoin: miter"/>
    </defs>
    <g clip-path="url(#pf41f02139b)">
     <use xlink:href="#mbf11a394ea" x="207.956924" y="160.834572" style="fill: #2ca02c; stroke: #2ca02c; stroke-linejoin: miter"/>
    </g>
   </g>
   <g id="line2d_36">
    <path d="M 227.693144 160.834572 
" clip-path="url(#pf41f02139b)" style="fill: none; stroke: #bcbd22; stroke-width: 1.5; stroke-linecap: square"/>
    <defs>
     <path id="mbb4de56428" d="M 2.377641 -0.772542 
C 2.172761 -1.4031 1.72572 -1.926517 1.134976 -2.227516 
C 0.544232 -2.528516 -0.141985 -2.582522 -0.772542 -2.377641 
C -1.4031 -2.172761 -1.926517 -1.72572 -2.227516 -1.134976 
C -2.528516 -0.544232 -2.582522 0.141985 -2.377641 0.772542 
C -2.172761 1.4031 -1.72572 1.926517 -1.134976 2.227516 
C -0.544232 2.528516 0.141985 2.582522 0.772542 2.377641 
C 1.4031 2.172761 1.926517 1.72572 2.227516 1.134976 
C 2.528516 0.544232 2.582522 -0.141985 2.377641 -0.772542 
z
" style="stroke: #2ca02c"/>
    </defs>
    <g clip-path="url(#pf41f02139b)">
     <use xlink:href="#mbb4de56428" x="227.693144" y="160.834572" style="fill: #2ca02c; stroke: #2ca02c"/>
    </g>
   </g>
   <g id="line2d_37">
    <path d="M 145.95376 181.607115 
L 269.960088 140.062028 
" clip-path="url(#pf41f02139b)" style="fill: none; stroke: #808080; stroke-width: 0.5; stroke-linecap: square"/>
   </g>
   <g id="line2d_38">
    <path d="M 198.563346 142.711266 
" clip-path="url(#pf41f02139b)" style="fill: none; stroke: #d62728; stroke-width: 1.5; stroke-linecap: square"/>
    <defs>
     <path id="m2ba4f01365" d="M -2.022542 1.469463 
L 3.492006 0.553079 
L 0.553079 -3.492006 
z
" style="stroke: #d62728; stroke-linejoin: miter"/>
    </defs>
    <g clip-path="url(#pf41f02139b)">
     <use xlink:href="#m2ba4f01365" x="198.563346" y="142.711266" style="fill: #d62728; stroke: #d62728; stroke-linejoin: miter"/>
    </g>
   </g>
   <g id="line2d_39">
    <path d="M 215.309497 142.711266 
" clip-path="url(#pf41f02139b)" style="fill: none; stroke: #17becf; stroke-width: 1.5; stroke-linecap: square"/>
    <defs>
     <path id="m267fe2d965" d="M 2.022542 -1.469463 
C 1.632836 -2.005848 1.045931 -2.365504 0.391086 -2.469221 
C -0.263759 -2.572938 -0.933079 -2.412249 -1.469463 -2.022542 
C -2.005848 -1.632836 -2.365504 -1.045931 -2.469221 -0.391086 
C -2.572938 0.263759 -2.412249 0.933079 -2.022542 1.469463 
C -1.632836 2.005848 -1.045931 2.365504 -0.391086 2.469221 
C 0.263759 2.572938 0.933079 2.412249 1.469463 2.022542 
C 2.005848 1.632836 2.365504 1.045931 2.469221 0.391086 
C 2.572938 -0.263759 2.412249 -0.933079 2.022542 -1.469463 
z
" style="stroke: #d62728"/>
    </defs>
    <g clip-path="url(#pf41f02139b)">
     <use xlink:href="#m267fe2d965" x="215.309497" y="142.711266" style="fill: #d62728; stroke: #d62728"/>
    </g>
   </g>
   <g id="line2d_40">
    <path d="M 145.95376 181.607115 
L 251.172932 103.815416 
" clip-path="url(#pf41f02139b)" style="fill: none; stroke: #808080; stroke-width: 0.5; stroke-linecap: square"/>
   </g>
   <g id="line2d_41">
    <path d="M 184.019958 128.395369 
" clip-path="url(#pf41f02139b)" style="fill: none; stroke: #9467bd; stroke-width: 1.5; stroke-linecap: square"/>
    <defs>
     <path id="mee21843e39" d="M -1.469463 2.022542 
L 3.492006 -0.553079 
L -0.553079 -3.492006 
z
" style="stroke: #9467bd; stroke-linejoin: miter"/>
    </defs>
    <g clip-path="url(#pf41f02139b)">
     <use xlink:href="#mee21843e39" x="184.019958" y="128.395369" style="fill: #9467bd; stroke: #9467bd; stroke-linejoin: miter"/>
    </g>
   </g>
   <g id="line2d_42">
    <path d="M 196.136805 128.395369 
" clip-path="url(#pf41f02139b)" style="fill: none; stroke: #1f77b4; stroke-width: 1.5; stroke-linecap: square"/>
    <defs>
     <path id="m4fac6e39ea" d="M 1.469463 -2.022542 
C 0.933079 -2.412249 0.263759 -2.572938 -0.391086 -2.469221 
C -1.045931 -2.365504 -1.632836 -2.005848 -2.022542 -1.469463 
C -2.412249 -0.933079 -2.572938 -0.263759 -2.469221 0.391086 
C -2.365504 1.045931 -2.005848 1.632836 -1.469463 2.022542 
C -0.933079 2.412249 -0.263759 2.572938 0.391086 2.469221 
C 1.045931 2.365504 1.632836 2.005848 2.022542 1.469463 
C 2.412249 0.933079 2.572938 0.263759 2.469221 -0.391086 
C 2.365504 -1.045931 2.005848 -1.632836 1.469463 -2.022542 
z
" style="stroke: #9467bd"/>
    </defs>
    <g clip-path="url(#pf41f02139b)">
     <use xlink:href="#m4fac6e39ea" x="196.136805" y="128.395369" style="fill: #9467bd; stroke: #9467bd"/>
    </g>
   </g>
   <g id="line2d_43">
    <path d="M 145.95376 181.607115 
L 222.086156 75.183622 
" clip-path="url(#pf41f02139b)" style="fill: none; stroke: #808080; stroke-width: 0.5; stroke-linecap: square"/>
   </g>
   <g id="line2d_44">
    <path d="M 165.750374 119.288225 
" clip-path="url(#pf41f02139b)" style="fill: none; stroke: #1f77b4; stroke-width: 1.5; stroke-linecap: square"/>
    <defs>
     <path id="m45b189d030" d="M -0.772542 2.377641 
L 3.150184 -1.605099 
L -1.605099 -3.150184 
z
" style="stroke: #1f77b4; stroke-linejoin: miter"/>
    </defs>
    <g clip-path="url(#pf41f02139b)">
     <use xlink:href="#m45b189d030" x="165.750374" y="119.288225" style="fill: #1f77b4; stroke: #1f77b4; stroke-linejoin: miter"/>
    </g>
   </g>
   <g id="line2d_45">
    <path d="M 172.051831 119.288225 
" clip-path="url(#pf41f02139b)" style="fill: none; stroke: #ff7f0e; stroke-width: 1.5; stroke-linecap: square"/>
    <defs>
     <path id="mcf5c039eeb" d="M 0.772542 -2.377641 
C 0.141985 -2.582522 -0.544232 -2.528516 -1.134976 -2.227516 
C -1.72572 -1.926517 -2.172761 -1.4031 -2.377641 -0.772542 
C -2.582522 -0.141985 -2.528516 0.544232 -2.227516 1.134976 
C -1.926517 1.72572 -1.4031 2.172761 -0.772542 2.377641 
C -0.141985 2.582522 0.544232 2.528516 1.134976 2.227516 
C 1.72572 1.926517 2.172761 1.4031 2.377641 0.772542 
C 2.582522 0.141985 2.528516 -0.544232 2.227516 -1.134976 
C 1.926517 -1.72572 1.4031 -2.172761 0.772542 -2.377641 
z
" style="stroke: #1f77b4"/>
    </defs>
    <g clip-path="url(#pf41f02139b)">
     <use xlink:href="#mcf5c039eeb" x="172.051831" y="119.288225" style="fill: #1f77b4; stroke: #1f77b4"/>
    </g>
   </g>
   <g id="line2d_46">
    <path d="M 145.95376 181.607115 
L 185.546987 56.969335 
" clip-path="url(#pf41f02139b)" style="fill: none; stroke: #808080; stroke-width: 0.5; stroke-linecap: square"/>
   </g>
   <g id="patch_5">
    <path d="M 47.961177 279.599698 
L 47.961177 83.614532 
" style="fill: none; stroke: #000000; stroke-width: 0.8; stroke-linejoin: miter; stroke-linecap: square"/>
   </g>
   <g id="patch_6">
    <path d="M 243.946343 279.599698 
L 243.946343 83.614532 
" style="fill: none; stroke: #000000; stroke-width: 0.8; stroke-linejoin: miter; stroke-linecap: square"/>
   </g>
   <g id="patch_7">
    <path d="M 47.961178 279.599698 
L 243.946343 279.599698 
" style="fill: none; stroke: #000000; stroke-width: 0.8; stroke-linejoin: miter; stroke-linecap: square"/>
   </g>
   <g id="patch_8">
    <path d="M 47.961178 83.614532 
L 243.946343 83.614532 
" style="fill: none; stroke: #000000; stroke-width: 0.8; stroke-linejoin: miter; stroke-linecap: square"/>
   </g>
   <g id="text_17">
    <!--  1 -->
    <g style="fill: #ff7f0e" transform="translate(146.494888 246.932925) scale(0.1 -0.1)">
     <use xlink:href="#DejaVuSans-20"/>
     <use xlink:href="#DejaVuSans-31" transform="translate(31.787109 0)"/>
    </g>
   </g>
   <g id="text_18">
    <!--  2 -->
    <g style="fill: #2ca02c" transform="translate(173.08154 243.545379) scale(0.1 -0.1)">
     <defs>
      <path id="DejaVuSans-32" d="M 1228 531 
L 3431 531 
L 3431 0 
L 469 0 
L 469 531 
Q 828 903 1448 1529 
Q 2069 2156 2228 2338 
Q 2531 2678 2651 2914 
Q 2772 3150 2772 3378 
Q 2772 3750 2511 3984 
Q 2250 4219 1831 4219 
Q 1534 4219 1204 4116 
Q 875 4013 500 3803 
L 500 4441 
Q 881 4594 1212 4672 
Q 1544 4750 1819 4750 
Q 2544 4750 2975 4387 
Q 3406 4025 3406 3419 
Q 3406 3131 3298 2873 
Q 3191 2616 2906 2266 
Q 2828 2175 2409 1742 
Q 1991 1309 1228 531 
z
" transform="scale(0.015625)"/>
     </defs>
     <use xlink:href="#DejaVuSans-20"/>
     <use xlink:href="#DejaVuSans-32" transform="translate(31.787109 0)"/>
    </g>
   </g>
   <g id="text_19">
    <!--  3 -->
    <g style="fill: #d62728" transform="translate(197.012729 234.094865) scale(0.1 -0.1)">
     <defs>
      <path id="DejaVuSans-33" d="M 2597 2516 
Q 3050 2419 3304 2112 
Q 3559 1806 3559 1356 
Q 3559 666 3084 287 
Q 2609 -91 1734 -91 
Q 1441 -91 1130 -33 
Q 819 25 488 141 
L 488 750 
Q 750 597 1062 519 
Q 1375 441 1716 441 
Q 2309 441 2620 675 
Q 2931 909 2931 1356 
Q 2931 1769 2642 2001 
Q 2353 2234 1838 2234 
L 1294 2234 
L 1294 2753 
L 1863 2753 
Q 2328 2753 2575 2939 
Q 2822 3125 2822 3475 
Q 2822 3834 2567 4026 
Q 2313 4219 1838 4219 
Q 1578 4219 1281 4162 
Q 984 4106 628 3988 
L 628 4550 
Q 988 4650 1302 4700 
Q 1616 4750 1894 4750 
Q 2613 4750 3031 4423 
Q 3450 4097 3450 3541 
Q 3450 3153 3228 2886 
Q 3006 2619 2597 2516 
z
" transform="scale(0.015625)"/>
     </defs>
     <use xlink:href="#DejaVuSans-20"/>
     <use xlink:href="#DejaVuSans-33" transform="translate(31.787109 0)"/>
    </g>
   </g>
   <g id="text_20">
    <!--  4 -->
    <g style="fill: #9467bd" transform="translate(215.945893 219.506468) scale(0.1 -0.1)">
     <defs>
      <path id="DejaVuSans-34" d="M 2419 4116 
L 825 1625 
L 2419 1625 
L 2419 4116 
z
M 2253 4666 
L 3047 4666 
L 3047 1625 
L 3713 1625 
L 3713 1100 
L 3047 1100 
L 3047 0 
L 2419 0 
L 2419 1100 
L 313 1100 
L 313 1709 
L 2253 4666 
z
" transform="scale(0.015625)"/>
     </defs>
     <use xlink:href="#DejaVuSans-20"/>
