<?xml version="1.0" encoding="utf-8" standalone="no"?>
<!DOCTYPE svg PUBLIC "-//W3C//DTD SVG 1.1//EN"
  "http://www.w3.org/Graphics/SVG/1.1/DTD/svg11.dtd">
<svg xmlns:xlink="http://www.w3.org/1999/xlink" width="460.8pt" height="345.6pt" viewBox="0 0 460.8 345.6" xmlns="http://www.w3.org/2000/svg" version="1.1">
 <metadata>
  <rdf:RDF xmlns:dc="http://purl.org/dc/elements/1.1/" xmlns:cc="http://creativecommons.org/ns#" xmlns:rdf="http://www.w3.org/1999/02/22-rdf-syntax-ns#">
   <cc:Work>
    <dc:type rdf:resource="http://purl.org/dc/dcmitype/StillImage"/>
    <dc:date>2025-06-01T16:44:20.088579</dc:date>
    <dc:format>image/svg+xml</dc:format>
    <dc:creator>
     <cc:Agent>
      <dc:title>Matplotlib v3.10.3, https://matplotlib.org/</dc:title>
     </cc:Agent>
    </dc:creator>
   </cc:Work>
  </rdf:RDF>
 </metadata>
 <defs>
  <style type="text/css">*{stroke-linejoin: round; stroke-linecap: butt}</style>
 </defs>
 <g id="figure_1">
  <g id="patch_1">
   <path d="M 0 345.6 
L 460.8 345.6 
L 460.8 0 
L 0 0 
z
" style="fill: #ffffff"/>
  </g>
  <g id="axes_1">
   <g id="patch_2">
    <path d="M 47.961177 279.599698 
L 243.946343 279.599698 
L 243.946343 83.614532 
L 47.961177 83.614532 
z
" style="fill: #ffffff"/>
   </g>
   <g id="line2d_1">
    <path d="M 146.364231 246.932925 
L 150.055791 246.793706 
L 153.734237 246.446091 
L 157.38781 245.891192 
L 161.004829 245.130783 
L 164.573731 244.167294 
L 168.083107 243.003806 
L 171.521737 241.644038 
L 174.878629 240.092337 
L 178.143051 238.353665 
L 181.304566 236.433578 
L 184.353068 234.338217 
L 187.278811 232.074279 
L 190.072441 229.649002 
L 192.725028 227.070139 
L 195.228091 224.345935 
L 197.573629 221.485099 
L 199.754142 218.496777 
L 201.762661 215.390521 
L 203.592764 212.176264 
L 205.238599 208.864279 
L 206.694907 205.465156 
L 207.95703 201.98976 
L 209.020935 198.449203 
L 209.88322 194.854804 
L 210.541127 191.218053 
L 210.992555 187.550576 
L 211.23606 183.864099 
L 211.270863 180.170406 
L 211.096853 176.481307 
L 210.714586 172.808594 
L 210.125285 169.164009 
L 209.330833 165.559204 
L 208.33377 162.005702 
L 207.137285 158.514865 
L 205.7452 155.097851 
L 204.161968 151.765585 
L 202.39265 148.52872 
L 200.442902 145.397603 
L 198.318956 142.382245 
L 196.027604 139.492286 
L 193.57617 136.736963 
L 190.972492 134.125087 
L 188.224892 131.665006 
L 185.342156 129.364586 
L 182.333499 127.23118 
L 179.208539 125.27161 
L 175.977266 123.492139 
L 172.650011 121.898456 
L 169.23741 120.495657 
L 165.750374 119.288225 
L 162.200049 118.280021 
L 158.597787 117.474269 
L 154.955103 116.873543 
L 151.283642 116.479765 
L 147.595142 116.294193 
L 143.901395 116.31742 
L 140.214209 116.549373 
L 136.545372 116.98931 
L 132.906613 117.635824 
L 129.309564 118.486848 
L 125.765725 119.539663 
L 122.286426 120.790901 
L 118.882789 122.236563 
L 115.565695 123.872028 
L 112.345749 125.692067 
L 109.233246 127.690861 
L 106.238134 129.86202 
L 103.369989 132.198604 
L 100.637982 134.693142 
L 98.050844 137.33766 
L 95.616848 140.123704 
L 93.343774 143.042366 
L 91.23889 146.084317 
L 89.308925 149.23983 
L 87.560048 152.498819 
L 85.99785 155.850865 
L 84.627326 159.285251 
L 83.452857 162.790998 
L 82.478198 166.356898 
L 81.706465 169.971552 
L 81.140124 173.623404 
L 80.780987 177.300779 
L 80.630201 180.991921 
L 80.688249 184.68503 
L 80.954945 188.368298 
L 81.429436 192.029952 
L 82.110206 195.658286 
L 82.995078 199.241698 
L 84.081223 202.768735 
L 85.365169 206.22812 
L 86.842811 209.608793 
L 88.509426 212.899948 
L 90.359685 216.091063 
L 92.387673 219.171935 
L 94.586908 222.132716 
L 96.950357 224.96394 
L 99.470466 227.656557 
L 102.139178 230.201957 
L 104.947962 232.592004 
L 107.887837 234.819057 
L 110.949405 236.875996 
L 114.12288 238.756246 
L 117.398114 240.453795 
L 120.764639 241.963216 
L 124.211691 243.279684 
L 127.72825 244.398991 
L 131.303075 245.317558 
L 134.924737 246.032448 
L 138.581657 246.541376 
L 142.262145 246.842715 
L 145.954436 246.935501 
L 145.954436 246.935501 
" clip-path="url(#p74d00be796)" style="fill: none; stroke: #1f77b4; stroke-opacity: 0.5; stroke-width: 1.5; stroke-linecap: square"/>
   </g>
   <g id="line2d_2">
    <path d="M 146.364231 247.063581 
L 150.46537 248.201448 
L 154.141632 249.000926 
L 157.791719 249.584951 
L 161.40396 249.951657 
L 164.966808 250.099872 
L 168.468874 250.029122 
L 171.89896 249.739633 
L 175.246103 249.23233 
L 178.4996 248.508835 
L 181.649051 247.571462 
L 184.684387 246.423207 
L 187.595905 245.06774 
L 190.374297 243.509395 
L 193.01068 241.753155 
L 195.496627 239.804632 
L 197.82419 237.670058 
L 199.985927 235.356256 
L 201.974928 232.870622 
L 203.784835 230.221103 
L 205.409861 227.41617 
L 206.844811 224.464789 
L 208.085098 221.376397 
L 209.126757 218.160865 
L 209.966457 214.828474 
L 210.601515 211.389878 
L 211.029899 207.856069 
L 211.250241 204.238344 
L 211.261835 200.54827 
L 211.064646 196.797642 
L 210.659303 192.998451 
L 210.047102 189.162843 
L 209.126671 184.873262 
L 207.956924 180.570792 
L 206.542478 176.272411 
L 204.888916 171.995084 
L 203.002762 167.755691 
L 200.891461 163.570963 
L 198.563346 159.457417 
L 196.027604 155.431285 
L 193.294243 151.508458 
L 190.374049 147.704417 
L 187.278549 144.034174 
L 184.019958 140.512216 
L 180.611137 137.15244 
L 177.065538 133.968108 
L 173.397155 130.971786 
L 169.620466 128.175298 
L 165.750374 125.589683 
L 161.802153 123.225143 
L 157.791387 121.091011 
L 153.733902 119.19571 
L 149.645712 117.546718 
L 145.542952 116.150544 
L 141.441814 115.012699 
L 137.765553 114.213241 
L 134.11547 113.629236 
L 130.503233 113.262549 
L 126.940389 113.114354 
L 123.43833 113.185124 
L 120.00825 113.474634 
L 116.661116 113.981956 
L 113.407628 114.705471 
L 110.258187 115.642863 
L 107.222862 116.791138 
L 104.311355 118.146623 
L 101.532976 119.704986 
L 98.896606 121.461245 
L 96.410674 123.409784 
L 94.083126 125.544375 
L 91.921404 127.858194 
L 89.932419 130.343843 
L 88.122529 132.993376 
L 86.49752 135.798323 
L 85.062587 138.749717 
L 83.822318 141.838122 
L 82.780678 145.053664 
L 81.940996 148.386065 
L 81.305957 151.824671 
L 80.877592 155.358488 
L 80.657269 158.97622 
L 80.645694 162.666301 
L 80.842902 166.416934 
L 81.248264 170.216128 
L 81.860484 174.051739 
L 82.780936 178.341321 
L 83.950703 182.643792 
L 85.365169 186.942172 
L 87.018751 191.219497 
L 88.904923 195.458886 
L 91.016242 199.643608 
L 93.344375 203.757148 
L 95.880134 207.783272 
L 98.613511 211.70609 
L 101.533719 215.510121 
L 104.629233 219.180352 
L 107.887837 222.702297 
L 111.29667 226.062059 
L 114.842279 229.246376 
L 118.510672 232.242683 
L 122.28737 235.039153 
L 126.157469 237.624751 
L 130.105695 239.989272 
L 134.116466 242.123384 
L 138.173954 244.018666 
L 142.262145 245.667637 
L 145.954436 246.935716 
L 145.954436 246.935716 
" clip-path="url(#p74d00be796)" style="fill: none; stroke: #ff7f0e; stroke-opacity: 0.5; stroke-width: 1.5; stroke-linecap: square"/>
   </g>
   <g id="patch_3">
    <path d="M 168.818696 181.607115 
C 168.818696 177.085399 167.477391 172.663707 164.96526 168.904037 
C 162.453129 165.144368 158.881313 162.213054 154.703793 160.482669 
C 150.526272 158.752283 145.927865 158.299379 141.493033 159.181522 
C 137.0582 160.063665 132.983145 162.241828 129.785809 165.439164 
C 126.588473 168.6365 124.410311 172.711555 123.528168 177.146387 
C 122.646025 181.58122 123.098928 186.179626 124.829314 190.357147 
C 126.5597 194.534668 129.491013 198.106484 133.250683 200.618614 
C 137.010352 203.130745 141.432045 204.472051 145.95376 204.472051 
" clip-path="url(#p74d00be796)" style="fill: none; opacity: 0.5; stroke: #808080; stroke-width: 1.5; stroke-linejoin: miter"/>
   </g>
   <g id="patch_4">
    <path d="M 144.22018 201.972051 
Q 146.72018 203.222051 149.22018 204.472051 
Q 146.72018 205.722051 144.22018 206.972051 
z
" clip-path="url(#p74d00be796)" style="fill: #808080; opacity: 0.5; stroke: #808080; stroke-linecap: round"/>
   </g>
   <g id="matplotlib.axis_1">
    <g id="xtick_1">
     <g id="line2d_3">
      <defs>
       <path id="m91796afd71" d="M 0 0 
L 0 3.5 
" style="stroke: #000000; stroke-width: 0.8"/>
      </defs>
      <g>
       <use xlink:href="#m91796afd71" x="47.961178" y="279.599698" style="stroke: #000000; stroke-width: 0.8"/>
      </g>
     </g>
     <g id="text_1">
      <!-- −1.5 -->
      <g transform="translate(35.819771 294.198135) scale(0.1 -0.1)">
       <defs>
        <path id="DejaVuSans-2212" d="M 678 2272 
L 4684 2272 
L 4684 1741 
L 678 1741 
L 678 2272 
z
" transform="scale(0.015625)"/>
        <path id="DejaVuSans-31" d="M 794 531 
L 1825 531 
L 1825 4091 
L 703 3866 
L 703 4441 
L 1819 4666 
L 2450 4666 
L 2450 531 
L 3481 531 
L 3481 0 
L 794 0 
L 794 531 
z
" transform="scale(0.015625)"/>
        <path id="DejaVuSans-2e" d="M 684 794 
L 1344 794 
L 1344 0 
L 684 0 
L 684 794 
z
" transform="scale(0.015625)"/>
        <path id="DejaVuSans-35" d="M 691 4666 
L 3169 4666 
L 3169 4134 
L 1269 4134 
L 1269 2991 
Q 1406 3038 1543 3061 
Q 1681 3084 1819 3084 
Q 2600 3084 3056 2656 
Q 3513 2228 3513 1497 
Q 3513 744 3044 326 
Q 2575 -91 1722 -91 
Q 1428 -91 1123 -41 
Q 819 9 494 109 
L 494 744 
Q 775 591 1075 516 
Q 1375 441 1709 441 
Q 2250 441 2565 725 
Q 2881 1009 2881 1497 
Q 2881 1984 2565 2268 
Q 2250 2553 1709 2553 
Q 1456 2553 1204 2497 
Q 953 2441 691 2322 
L 691 4666 
z
" transform="scale(0.015625)"/>
       </defs>
       <use xlink:href="#DejaVuSans-2212"/>
       <use xlink:href="#DejaVuSans-31" transform="translate(83.789062 0)"/>
       <use xlink:href="#DejaVuSans-2e" transform="translate(147.412109 0)"/>
       <use xlink:href="#DejaVuSans-35" transform="translate(179.199219 0)"/>
      </g>
     </g>
    </g>
    <g id="xtick_2">
     <g id="line2d_4">
      <g>
       <use xlink:href="#m91796afd71" x="80.625372" y="279.599698" style="stroke: #000000; stroke-width: 0.8"/>
      </g>
     </g>
     <g id="text_2">
      <!-- −1.0 -->
      <g transform="translate(68.483966 294.198135) scale(0.1 -0.1)">
       <defs>
        <path id="DejaVuSans-30" d="M 2034 4250 
Q 1547 4250 1301 3770 
Q 1056 3291 1056 2328 
Q 1056 1369 1301 889 
Q 1547 409 2034 409 
Q 2525 409 2770 889 
Q 3016 1369 3016 2328 
Q 3016 3291 2770 3770 
Q 2525 4250 2034 4250 
z
M 2034 4750 
Q 2819 4750 3233 4129 
Q 3647 3509 3647 2328 
Q 3647 1150 3233 529 
Q 2819 -91 2034 -91 
Q 1250 -91 836 529 
Q 422 1150 422 2328 
Q 422 3509 836 4129 
Q 1250 4750 2034 4750 
z
" transform="scale(0.015625)"/>
       </defs>
       <use xlink:href="#DejaVuSans-2212"/>
       <use xlink:href="#DejaVuSans-31" transform="translate(83.789062 0)"/>
       <use xlink:href="#DejaVuSans-2e" transform="translate(147.412109 0)"/>
       <use xlink:href="#DejaVuSans-30" transform="translate(179.199219 0)"/>
      </g>
     </g>
    </g>
    <g id="xtick_3">
     <g id="line2d_5">
      <g>
       <use xlink:href="#m91796afd71" x="113.289566" y="279.599698" style="stroke: #000000; stroke-width: 0.8"/>
      </g>
     </g>
     <g id="text_3">
      <!-- −0.5 -->
      <g transform="translate(101.14816 294.198135) scale(0.1 -0.1)">
       <use xlink:href="#DejaVuSans-2212"/>
       <use xlink:href="#DejaVuSans-30" transform="translate(83.789062 0)"/>
       <use xlink:href="#DejaVuSans-2e" transform="translate(147.412109 0)"/>
       <use xlink:href="#DejaVuSans-35" transform="translate(179.199219 0)"/>
      </g>
     </g>
    </g>
    <g id="xtick_4">
     <g id="line2d_6">
      <g>
       <use xlink:href="#m91796afd71" x="145.95376" y="279.599698" style="stroke: #000000; stroke-width: 0.8"/>
      </g>
     </g>
     <g id="text_4">
      <!-- 0.0 -->
      <g transform="translate(138.002198 294.198135) scale(0.1 -0.1)">
       <use xlink:href="#DejaVuSans-30"/>
       <use xlink:href="#DejaVuSans-2e" transform="translate(63.623047 0)"/>
       <use xlink:href="#DejaVuSans-30" transform="translate(95.410156 0)"/>
      </g>
     </g>
    </g>
    <g id="xtick_5">
     <g id="line2d_7">
      <g>
       <use xlink:href="#m91796afd71" x="178.617955" y="279.599698" style="stroke: #000000; stroke-width: 0.8"/>
      </g>
     </g>
     <g id="text_5">
      <!-- 0.5 -->
      <g transform="translate(170.666392 294.198135) scale(0.1 -0.1)">
       <use xlink:href="#DejaVuSans-30"/>
       <use xlink:href="#DejaVuSans-2e" transform="translate(63.623047 0)"/>
       <use xlink:href="#DejaVuSans-35" transform="translate(95.410156 0)"/>
      </g>
     </g>
    </g>
    <g id="xtick_6">
     <g id="line2d_8">
      <g>
       <use xlink:href="#m91796afd71" x="211.282149" y="279.599698" style="stroke: #000000; stroke-width: 0.8"/>
      </g>
     </g>
     <g id="text_6">
      <!-- 1.0 -->
      <g transform="translate(203.330586 294.198135) scale(0.1 -0.1)">
       <use xlink:href="#DejaVuSans-31"/>
       <use xlink:href="#DejaVuSans-2e" transform="translate(63.623047 0)"/>
       <use xlink:href="#DejaVuSans-30" transform="translate(95.410156 0)"/>
      </g>
     </g>
    </g>
    <g id="xtick_7">
     <g id="line2d_9">
      <g>
       <use xlink:href="#m91796afd71" x="243.946343" y="279.599698" style="stroke: #000000; stroke-width: 0.8"/>
      </g>
     </g>
     <g id="text_7">
      <!-- 1.5 -->
      <g transform="translate(235.994781 294.198135) scale(0.1 -0.1)">
       <use xlink:href="#DejaVuSans-31"/>
       <use xlink:href="#DejaVuSans-2e" transform="translate(63.623047 0)"/>
       <use xlink:href="#DejaVuSans-35" transform="translate(95.410156 0)"/>
      </g>
     </g>
    </g>
    <g id="text_8">
     <!-- x [m] -->
     <g transform="translate(132.633448 307.87626) scale(0.1 -0.1)">
      <defs>
       <path id="DejaVuSans-78" d="M 3513 3500 
L 2247 1797 
L 3578 0 
L 2900 0 
L 1881 1375 
L 863 0 
L 184 0 
L 1544 1831 
L 300 3500 
L 978 3500 
L 1906 2253 
L 2834 3500 
L 3513 3500 
z
" transform="scale(0.015625)"/>
       <path id="DejaVuSans-20" transform="scale(0.015625)"/>
       <path id="DejaVuSans-5b" d="M 550 4863 
L 1875 4863 
L 1875 4416 
L 1125 4416 
L 1125 -397 
L 1875 -397 
L 1875 -844 
L 550 -844 
L 550 4863 
z
" transform="scale(0.015625)"/>
       <path id="DejaVuSans-6d" d="M 3328 2828 
Q 3544 3216 3844 3400 
Q 4144 3584 4550 3584 
Q 5097 3584 5394 3201 
Q 5691 2819 5691 2113 
L 5691 0 
L 5113 0 
L 5113 2094 
Q 5113 2597 4934 2840 
Q 4756 3084 4391 3084 
Q 3944 3084 3684 2787 
Q 3425 2491 3425 1978 
L 3425 0 
L 2847 0 
L 2847 2094 
Q 2847 2600 2669 2842 
Q 2491 3084 2119 3084 
Q 1678 3084 1418 2786 
Q 1159 2488 1159 1978 
L 1159 0 
L 581 0 
L 581 3500 
L 1159 3500 
L 1159 2956 
Q 1356 3278 1631 3431 
Q 1906 3584 2284 3584 
Q 2666 3584 2933 3390 
Q 3200 3197 3328 2828 
z
" transform="scale(0.015625)"/>
       <path id="DejaVuSans-5d" d="M 1947 4863 
L 1947 -844 
L 622 -844 
L 622 -397 
L 1369 -397 
L 1369 4416 
L 622 4416 
L 622 4863 
L 1947 4863 
z
" transform="scale(0.015625)"/>
      </defs>
      <use xlink:href="#DejaVuSans-78"/>
      <use xlink:href="#DejaVuSans-20" transform="translate(59.179688 0)"/>
      <use xlink:href="#DejaVuSans-5b" transform="translate(90.966797 0)"/>
      <use xlink:href="#DejaVuSans-6d" transform="translate(129.980469 0)"/>
      <use xlink:href="#DejaVuSans-5d" transform="translate(227.392578 0)"/>
     </g>
    </g>
   </g>
   <g id="matplotlib.axis_2">
    <g id="ytick_1">
     <g id="line2d_10">
      <defs>
       <path id="m8e90bcee1b" d="M 0 0 
L -3.5 0 
" style="stroke: #000000; stroke-width: 0.8"/>
      </defs>
      <g>
       <use xlink:href="#m8e90bcee1b" x="47.961177" y="279.599698" style="stroke: #000000; stroke-width: 0.8"/>
      </g>
     </g>
     <g id="text_9">
      <!-- −1.5 -->
      <g transform="translate(16.678365 283.398917) scale(0.1 -0.1)">
       <use xlink:href="#DejaVuSans-2212"/>
       <use xlink:href="#DejaVuSans-31" transform="translate(83.789062 0)"/>
       <use xlink:href="#DejaVuSans-2e" transform="translate(147.412109 0)"/>
       <use xlink:href="#DejaVuSans-35" transform="translate(179.199219 0)"/>
      </g>
     </g>
    </g>
    <g id="ytick_2">
     <g id="line2d_11">
      <g>
       <use xlink:href="#m8e90bcee1b" x="47.961177" y="246.935504" style="stroke: #000000; stroke-width: 0.8"/>
      </g>
     </g>
     <g id="text_10">
      <!-- −1.0 -->
      <g transform="translate(16.678365 250.734722) scale(0.1 -0.1)">
       <use xlink:href="#DejaVuSans-2212"/>
       <use xlink:href="#DejaVuSans-31" transform="translate(83.789062 0)"/>
       <use xlink:href="#DejaVuSans-2e" transform="translate(147.412109 0)"/>
       <use xlink:href="#DejaVuSans-30" transform="translate(179.199219 0)"/>
      </g>
     </g>
    </g>
    <g id="ytick_3">
     <g id="line2d_12">
      <g>
       <use xlink:href="#m8e90bcee1b" x="47.961177" y="214.271309" style="stroke: #000000; stroke-width: 0.8"/>
      </g>
     </g>
     <g id="text_11">
      <!-- −0.5 -->
      <g transform="translate(16.678365 218.070528) scale(0.1 -0.1)">
       <use xlink:href="#DejaVuSans-2212"/>
       <use xlink:href="#DejaVuSans-30" transform="translate(83.789062 0)"/>
       <use xlink:href="#DejaVuSans-2e" transform="translate(147.412109 0)"/>
       <use xlink:href="#DejaVuSans-35" transform="translate(179.199219 0)"/>
      </g>
     </g>
    </g>
    <g id="ytick_4">
     <g id="line2d_13">
      <g>
       <use xlink:href="#m8e90bcee1b" x="47.961177" y="181.607115" style="stroke: #000000; stroke-width: 0.8"/>
      </g>
     </g>
     <g id="text_12">
      <!-- 0.0 -->
      <g transform="translate(25.058052 185.406334) scale(0.1 -0.1)">
       <use xlink:href="#DejaVuSans-30"/>
       <use xlink:href="#DejaVuSans-2e" transform="translate(63.623047 0)"/>
       <use xlink:href="#DejaVuSans-30" transform="translate(95.410156 0)"/>
      </g>
     </g>
    </g>
    <g id="ytick_5">
     <g id="line2d_14">
      <g>
       <use xlink:href="#m8e90bcee1b" x="47.961177" y="148.942921" style="stroke: #000000; stroke-width: 0.8"/>
      </g>
     </g>
     <g id="text_13">
      <!-- 0.5 -->
      <g transform="translate(25.058052 152.742139) scale(0.1 -0.1)">
       <use xlink:href="#DejaVuSans-30"/>
       <use xlink:href="#DejaVuSans-2e" transform="translate(63.623047 0)"/>
       <use xlink:href="#DejaVuSans-35" transform="translate(95.410156 0)"/>
      </g>
     </g>
    </g>
    <g id="ytick_6">
     <g id="line2d_15">
      <g>
       <use xlink:href="#m8e90bcee1b" x="47.961177" y="116.278726" style="stroke: #000000; stroke-width: 0.8"/>
      </g>
     </g>
     <g id="text_14">
      <!-- 1.0 -->
      <g transform="translate(25.058052 120.077945) scale(0.1 -0.1)">
       <use xlink:href="#DejaVuSans-31"/>
       <use xlink:href="#DejaVuSans-2e" transform="translate(63.623047 0)"/>
       <use xlink:href="#DejaVuSans-30" transform="translate(95.410156 0)"/>
      </g>
     </g>
    </g>
    <g id="ytick_7">
     <g id="line2d_16">
      <g>
       <use xlink:href="#m8e90bcee1b" x="47.961177" y="83.614532" style="stroke: #000000; stroke-width: 0.8"/>
      </g>
     </g>
     <g id="text_15">
      <!-- 1.5 -->
      <g transform="translate(25.058052 87.413751) scale(0.1 -0.1)">
       <use xlink:href="#DejaVuSans-31"/>
       <use xlink:href="#DejaVuSans-2e" transform="translate(63.623047 0)"/>
       <use xlink:href="#DejaVuSans-35" transform="translate(95.410156 0)"/>
      </g>
     </g>
    </g>
    <g id="text_16">
     <!-- y [m] -->
     <g transform="translate(10.598677 194.927427) rotate(-90) scale(0.1 -0.1)">
      <defs>
       <path id="DejaVuSans-79" d="M 2059 -325 
Q 1816 -950 1584 -1140 
Q 1353 -1331 966 -1331 
L 506 -1331 
L 506 -850 
L 844 -850 
Q 1081 -850 1212 -737 
Q 1344 -625 1503 -206 
L 1606 56 
L 191 3500 
L 800 3500 
L 1894 763 
L 2988 3500 
L 3597 3500 
L 2059 -325 
z
" transform="scale(0.015625)"/>
      </defs>
      <use xlink:href="#DejaVuSans-79"/>
      <use xlink:href="#DejaVuSans-20" transform="translate(59.179688 0)"/>
      <use xlink:href="#DejaVuSans-5b" transform="translate(90.966797 0)"/>
      <use xlink:href="#DejaVuSans-6d" transform="translate(129.980469 0)"/>
      <use xlink:href="#DejaVuSans-5d" transform="translate(227.392578 0)"/>
     </g>
    </g>
   </g>
   <g id="line2d_17">
    <path d="M 146.364231 246.932925 
" clip-path="url(#p74d00be796)" style="fill: none; stroke: #ff7f0e; stroke-width: 1.5; stroke-linecap: square"/>
    <defs>
     <path id="m4bf32bcee5" d="M 0 -2.5 
L -2.5 2.5 
L 2.5 2.5 
z
" style="stroke: #ff7f0e; stroke-linejoin: miter"/>
    </defs>
    <g clip-path="url(#p74d00be796)">
     <use xlink:href="#m4bf32bcee5" x="146.364231" y="246.932925" style="fill: #ff7f0e; stroke: #ff7f0e; stroke-linejoin: miter"/>
    </g>
   </g>
   <g id="line2d_18">
    <path d="M 146.364231 247.063581 
" clip-path="url(#p74d00be796)" style="fill: none; stroke: #2ca02c; stroke-width: 1.5; stroke-linecap: square"/>
    <defs>
     <path id="m67f6d1b4ec" d="M 0 2.5 
C 0.663008 2.5 1.29895 2.236584 1.767767 1.767767 
C 2.236584 1.29895 2.5 0.663008 2.5 0 
C 2.5 -0.663008 2.236584 -1.29895 1.767767 -1.767767 
C 1.29895 -2.236584 0.663008 -2.5 0 -2.5 
C -0.663008 -2.5 -1.29895 -2.236584 -1.767767 -1.767767 
C -2.236584 -1.29895 -2.5 -0.663008 -2.5 0 
C -2.5 0.663008 -2.236584 1.29895 -1.767767 1.767767 
C -1.29895 2.236584 -0.663008 2.5 0 2.5 
z
" style="stroke: #ff7f0e"/>
    </defs>
    <g clip-path="url(#p74d00be796)">
     <use xlink:href="#m67f6d1b4ec" x="146.364231" y="247.063581" style="fill: #ff7f0e; stroke: #ff7f0e"/>
    </g>
   </g>
   <g id="line2d_19">
    <path d="M 145.95376 181.607115 
L 146.774701 312.258734 
" clip-path="url(#p74d00be796)" style="fill: none; stroke: #808080; stroke-width: 0.5; stroke-linecap: square"/>
   </g>
   <g id="line2d_20">
    <path d="M 166.531456 243.545379 
" clip-path="url(#p74d00be796)" style="fill: none; stroke: #2ca02c; stroke-width: 1.5; stroke-linecap: square"/>
    <defs>
     <path id="me3f08f8221" d="M -0.772542 -2.377641 
L -1.605099 3.150184 
L 3.150184 1.605099 
z
" style="stroke: #2ca02c; stroke-linejoin: miter"/>
    </defs>
    <g clip-path="url(#p74d00be796)">
     <use xlink:href="#me3f08f8221" x="166.531456" y="243.545379" style="fill: #2ca02c; stroke: #2ca02c; stroke-linejoin: miter"/>
    </g>
   </g>
   <g id="line2d_21">
    <path d="M 166.531456 250.095463 
" clip-path="url(#p74d00be796)" style="fill: none; stroke: #d62728; stroke-width: 1.5; stroke-linecap: square"/>
    <defs>
     <path id="m601221a08c" d="M 0.772542 2.377641 
C 1.4031 2.172761 1.926517 1.72572 2.227516 1.134976 
C 2.528516 0.544232 2.582522 -0.141985 2.377641 -0.772542 
C 2.172761 -1.4031 1.72572 -1.926517 1.134976 -2.227516 
C 0.544232 -2.528516 -0.141985 -2.582522 -0.772542 -2.377641 
C -1.4031 -2.172761 -1.926517 -1.72572 -2.227516 -1.134976 
C -2.528516 -0.544232 -2.582522 0.141985 -2.377641 0.772542 
C -2.172761 1.4031 -1.72572 1.926517 -1.134976 2.227516 
C -0.544232 2.528516 0.141985 2.582522 0.772542 2.377641 
z
" style="stroke: #2ca02c"/>
    </defs>
    <g clip-path="url(#p74d00be796)">
     <use xlink:href="#m601221a08c" x="166.531456" y="250.095463" style="fill: #2ca02c; stroke: #2ca02c"/>
    </g>
   </g>
   <g id="line2d_22">
    <path d="M 145.95376 181.607115 
L 187.109152 305.483643 
" clip-path="url(#p74d00be796)" style="fill: none; stroke: #808080; stroke-width: 0.5; stroke-linecap: square"/>
   </g>
   <g id="line2d_23">
    <path d="M 184.684387 234.094865 
" clip-path="url(#p74d00be796)" style="fill: none; stroke: #d62728; stroke-width: 1.5; stroke-linecap: square"/>
    <defs>
     <path id="madf39f85f6" d="M -1.469463 -2.022542 
L -0.553079 3.492006 
L 3.492006 0.553079 
z
" style="stroke: #d62728; stroke-linejoin: miter"/>
    </defs>
    <g clip-path="url(#p74d00be796)">
     <use xlink:href="#madf39f85f6" x="184.684387" y="234.094865" style="fill: #d62728; stroke: #d62728; stroke-linejoin: miter"/>
    </g>
   </g>
   <g id="line2d_24">
    <path d="M 184.684387 246.423207 
" clip-path="url(#p74d00be796)" style="fill: none; stroke: #9467bd; stroke-width: 1.5; stroke-linecap: square"/>
    <defs>
     <path id="m6730f5ad80" d="M 1.469463 2.022542 
C 2.005848 1.632836 2.365504 1.045931 2.469221 0.391086 
C 2.572938 -0.263759 2.412249 -0.933079 2.022542 -1.469463 
C 1.632836 -2.005848 1.045931 -2.365504 0.391086 -2.469221 
C -0.263759 -2.572938 -0.933079 -2.412249 -1.469463 -2.022542 
C -2.005848 -1.632836 -2.365504 -1.045931 -2.469221 -0.391086 
C -2.572938 0.263759 -2.412249 0.933079 -2.022542 1.469463 
C -1.632836 2.005848 -1.045931 2.365504 -0.391086 2.469221 
C 0.263759 2.572938 0.933079 2.412249 1.469463 2.022542 
z
" style="stroke: #d62728"/>
    </defs>
    <g clip-path="url(#p74d00be796)">
     <use xlink:href="#m6730f5ad80" x="184.684387" y="246.423207" style="fill: #d62728; stroke: #d62728"/>
    </g>
   </g>
   <g id="line2d_25">
    <path d="M 145.95376 181.607115 
L 223.415014 286.582615 
" clip-path="url(#p74d00be796)" style="fill: none; stroke: #808080; stroke-width: 0.5; stroke-linecap: square"/>
   </g>
   <g id="line2d_26">
    <path d="M 199.046082 219.506468 
" clip-path="url(#p74d00be796)" style="fill: none; stroke: #9467bd; stroke-width: 1.5; stroke-linecap: square"/>
    <defs>
     <path id="m9b5aeeb8d3" d="M -2.022542 -1.469463 
L 0.553079 3.492006 
L 3.492006 -0.553079 
z
" style="stroke: #9467bd; stroke-linejoin: miter"/>
    </defs>
    <g clip-path="url(#p74d00be796)">
     <use xlink:href="#m9b5aeeb8d3" x="199.046082" y="219.506468" style="fill: #9467bd; stroke: #9467bd; stroke-linejoin: miter"/>
    </g>
   </g>
   <g id="line2d_27">
    <path d="M 199.046082 236.406279 
" clip-path="url(#p74d00be796)" style="fill: none; stroke: #8c564b; stroke-width: 1.5; stroke-linecap: square"/>
    <defs>
     <path id="mba2706dabb" d="M 2.022542 1.469463 
C 2.412249 0.933079 2.572938 0.263759 2.469221 -0.391086 
C 2.365504 -1.045931 2.005848 -1.632836 1.469463 -2.022542 
C 0.933079 -2.412249 0.263759 -2.572938 -0.391086 -2.469221 
C -1.045931 -2.365504 -1.632836 -2.005848 -2.022542 -1.469463 
C -2.412249 -0.933079 -2.572938 -0.263759 -2.469221 0.391086 
C -2.365504 1.045931 -2.005848 1.632836 -1.469463 2.022542 
C -0.933079 2.412249 -0.263759 2.572938 0.391086 2.469221 
C 1.045931 2.365504 1.632836 2.005848 2.022542 1.469463 
z
" style="stroke: #9467bd"/>
    </defs>
    <g clip-path="url(#p74d00be796)">
     <use xlink:href="#mba2706dabb" x="199.046082" y="236.406279" style="fill: #9467bd; stroke: #9467bd"/>
    </g>
   </g>
   <g id="line2d_28">
    <path d="M 145.95376 181.607115 
L 252.138404 257.405821 
" clip-path="url(#p74d00be796)" style="fill: none; stroke: #808080; stroke-width: 0.5; stroke-linecap: square"/>
   </g>
   <g id="line2d_29">
    <path d="M 208.210713 201.208206 
" clip-path="url(#p74d00be796)" style="fill: none; stroke: #1f77b4; stroke-width: 1.5; stroke-linecap: square"/>
    <defs>
     <path id="m0cc8fbc492" d="M -2.377641 -0.772542 
L 1.605099 3.150184 
L 3.150184 -1.605099 
z
" style="stroke: #1f77b4; stroke-linejoin: miter"/>
    </defs>
    <g clip-path="url(#p74d00be796)">
     <use xlink:href="#m0cc8fbc492" x="208.210713" y="201.208206" style="fill: #1f77b4; stroke: #1f77b4; stroke-linejoin: miter"/>
    </g>
   </g>
   <g id="line2d_30">
    <path d="M 208.210713 221.025209 
" clip-path="url(#p74d00be796)" style="fill: none; stroke: #e377c2; stroke-width: 1.5; stroke-linecap: square"/>
    <defs>
     <path id="m4820ab66f5" d="M 2.377641 0.772542 
C 2.582522 0.141985 2.528516 -0.544232 2.227516 -1.134976 
C 1.926517 -1.72572 1.4031 -2.172761 0.772542 -2.377641 
C 0.141985 -2.582522 -0.544232 -2.528516 -1.134976 -2.227516 
C -1.72572 -1.926517 -2.172761 -1.4031 -2.377641 -0.772542 
C -2.582522 -0.141985 -2.528516 0.544232 -2.227516 1.134976 
C -1.926517 1.72572 -1.4031 2.172761 -0.772542 2.377641 
C -0.141985 2.582522 0.544232 2.528516 1.134976 2.227516 
C 1.72572 1.926517 2.172761 1.4031 2.377641 0.772542 
z
" style="stroke: #1f77b4"/>
    </defs>
    <g clip-path="url(#p74d00be796)">
     <use xlink:href="#m4820ab66f5" x="208.210713" y="221.025209" style="fill: #1f77b4; stroke: #1f77b4"/>
    </g>
   </g>
   <g id="line2d_31">
    <path d="M 145.95376 181.607115 
L 270.467667 220.809296 
" clip-path="url(#p74d00be796)" style="fill: none; stroke: #808080; stroke-width: 0.5; stroke-linecap: square"/>
   </g>
   <g id="line2d_32">
    <path d="M 211.281181 180.991246 
" clip-path="url(#p74d00be796)" style="fill: none; stroke: #ff7f0e; stroke-width: 1.5; stroke-linecap: square"/>
    <defs>
     <path id="mcafe223e82" d="M -2.5 -0 
L 2.5 2.5 
L 2.5 -2.5 
z
" style="stroke: #ff7f0e; stroke-linejoin: miter"/>
    </defs>
    <g clip-path="url(#p74d00be796)">
     <use xlink:href="#mcafe223e82" x="211.281181" y="180.991246" style="fill: #ff7f0e; stroke: #ff7f0e; stroke-linejoin: miter"/>
    </g>
   </g>
   <g id="line2d_33">
    <path d="M 211.281181 201.785609 
" clip-path="url(#p74d00be796)" style="fill: none; stroke: #7f7f7f; stroke-width: 1.5; stroke-linecap: square"/>
    <defs>
     <path id="m9b9ebfef43" d="M 2.5 0 
C 2.5 -0.663008 2.236584 -1.29895 1.767767 -1.767767 
C 1.29895 -2.236584 0.663008 -2.5 0 -2.5 
C -0.663008 -2.5 -1.29895 -2.236584 -1.767767 -1.767767 
C -2.236584 -1.29895 -2.5 -0.663008 -2.5 -0 
C -2.5 0.663008 -2.236584 1.29895 -1.767767 1.767767 
C -1.29895 2.236584 -0.663008 2.5 -0 2.5 
C 0.663008 2.5 1.29895 2.236584 1.767767 1.767767 
C 2.236584 1.29895 2.5 0.663008 2.5 0 
z
" style="stroke: #ff7f0e"/>
    </defs>
    <g clip-path="url(#p74d00be796)">
     <use xlink:href="#m9b9ebfef43" x="211.281181" y="201.785609" style="fill: #ff7f0e; stroke: #ff7f0e"/>
    </g>
   </g>
   <g id="line2d_34">
    <path d="M 145.95376 181.607115 
L 276.608601 180.375376 
" clip-path="url(#p74d00be796)" style="fill: none; stroke: #808080; stroke-width: 0.5; stroke-linecap: square"/>
   </g>
   <g id="line2d_35">
    <path d="M 207.956924 160.834572 
" clip-path="url(#p74d00be796)" style="fill: none; stroke: #2ca02c; stroke-width: 1.5; stroke-linecap: square"/>
    <defs>
     <path id="md9e4703110" d="M -2.377641 0.772542 
L 3.150184 1.605099 
L 1.605099 -3.150184 
z
" style="stroke: #2ca02c; stroke-linejoin: miter"/>
    </defs>
    <g clip-path="url(#p74d00be796)">
     <use xlink:href="#md9e4703110" x="207.956924" y="160.834572" style="fill: #2ca02c; stroke: #2ca02c; stroke-linejoin: miter"/>
    </g>
   </g>
   <g id="line2d_36">
    <path d="M 207.956924 180.570792 
" clip-path="url(#p74d00be796)" style="fill: none; stroke: #bcbd22; stroke-width: 1.5; stroke-linecap: square"/>
    <defs>
     <path id="m55f9e3ac74" d="M 2.377641 -0.772542 
C 2.172761 -1.4031 1.72572 -1.926517 1.134976 -2.227516 
C 0.544232 -2.528516 -0.141985 -2.582522 -0.772542 -2.377641 
C -1.4031 -2.172761 -1.926517 -1.72572 -2.227516 -1.134976 
C -2.528516 -0.544232 -2.582522 0.141985 -2.377641 0.772542 
C -2.172761 1.4031 -1.72572 1.926517 -1.134976 2.227516 
C -0.544232 2.528516 0.141985 2.582522 0.772542 2.377641 
C 1.4031 2.172761 1.926517 1.72572 2.227516 1.134976 
C 2.528516 0.544232 2.582522 -0.141985 2.377641 -0.772542 
z
" style="stroke: #2ca02c"/>
    </defs>
    <g clip-path="url(#p74d00be796)">
     <use xlink:href="#m55f9e3ac74" x="207.956924" y="180.570792" style="fill: #2ca02c; stroke: #2ca02c"/>
    </g>
   </g>
   <g id="line2d_37">
    <path d="M 145.95376 181.607115 
L 269.960088 140.062028 
" clip-path="url(#p74d00be796)" style="fill: none; stroke: #808080; stroke-width: 0.5; stroke-linecap: square"/>
   </g>
   <g id="line2d_38">
    <path d="M 198.563346 142.711266 
" clip-path="url(#p74d00be796)" style="fill: none; stroke: #d62728; stroke-width: 1.5; stroke-linecap: square"/>
    <defs>
     <path id="m25c2dbd7c2" d="M -2.022542 1.469463 
L 3.492006 0.553079 
L 0.553079 -3.492006 
z
" style="stroke: #d62728; stroke-linejoin: miter"/>
    </defs>
    <g clip-path="url(#p74d00be796)">
     <use xlink:href="#m25c2dbd7c2" x="198.563346" y="142.711266" style="fill: #d62728; stroke: #d62728; stroke-linejoin: miter"/>
    </g>
   </g>
   <g id="line2d_39">
    <path d="M 198.563346 159.457417 
" clip-path="url(#p74d00be796)" style="fill: none; stroke: #17becf; stroke-width: 1.5; stroke-linecap: square"/>
    <defs>
     <path id="md7d98c34af" d="M 2.022542 -1.469463 
C 1.632836 -2.005848 1.045931 -2.365504 0.391086 -2.469221 
C -0.263759 -2.572938 -0.933079 -2.412249 -1.469463 -2.022542 
C -2.005848 -1.632836 -2.365504 -1.045931 -2.469221 -0.391086 
C -2.572938 0.263759 -2.412249 0.933079 -2.022542 1.469463 
C -1.632836 2.005848 -1.045931 2.365504 -0.391086 2.469221 
C 0.263759 2.572938 0.933079 2.412249 1.469463 2.022542 
C 2.005848 1.632836 2.365504 1.045931 2.469221 0.391086 
C 2.572938 -0.263759 2.412249 -0.933079 2.022542 -1.469463 
z
" style="stroke: #d62728"/>
    </defs>
    <g clip-path="url(#p74d00be796)">
     <use xlink:href="#md7d98c34af" x="198.563346" y="159.457417" style="fill: #d62728; stroke: #d62728"/>
    </g>
   </g>
   <g id="line2d_40">
    <path d="M 145.95376 181.607115 
L 251.172932 103.815416 
" clip-path="url(#p74d00be796)" style="fill: none; stroke: #808080; stroke-width: 0.5; stroke-linecap: square"/>
   </g>
   <g id="line2d_41">
    <path d="M 184.019958 128.395369 
" clip-path="url(#p74d00be796)" style="fill: none; stroke: #9467bd; stroke-width: 1.5; stroke-linecap: square"/>
    <defs>
     <path id="m5d5070f610" d="M -1.469463 2.022542 
L 3.492006 -0.553079 
L -0.553079 -3.492006 
z
" style="stroke: #9467bd; stroke-linejoin: miter"/>
    </defs>
    <g clip-path="url(#p74d00be796)">
     <use xlink:href="#m5d5070f610" x="184.019958" y="128.395369" style="fill: #9467bd; stroke: #9467bd; stroke-linejoin: miter"/>
    </g>
   </g>
   <g id="line2d_42">
    <path d="M 184.019958 140.512216 
" clip-path="url(#p74d00be796)" style="fill: none; stroke: #1f77b4; stroke-width: 1.5; stroke-linecap: square"/>
    <defs>
     <path id="me381b76b3f" d="M 1.469463 -2.022542 
C 0.933079 -2.412249 0.263759 -2.572938 -0.391086 -2.469221 
C -1.045931 -2.365504 -1.632836 -2.005848 -2.022542 -1.469463 
C -2.412249 -0.933079 -2.572938 -0.263759 -2.469221 0.391086 
C -2.365504 1.045931 -2.005848 1.632836 -1.469463 2.022542 
C -0.933079 2.412249 -0.263759 2.572938 0.391086 2.469221 
C 1.045931 2.365504 1.632836 2.005848 2.022542 1.469463 
C 2.412249 0.933079 2.572938 0.263759 2.469221 -0.391086 
C 2.365504 -1.045931 2.005848 -1.632836 1.469463 -2.022542 
z
" style="stroke: #9467bd"/>
    </defs>
    <g clip-path="url(#p74d00be796)">
     <use xlink:href="#me381b76b3f" x="184.019958" y="140.512216" style="fill: #9467bd; stroke: #9467bd"/>
    </g>
   </g>
   <g id="line2d_43">
    <path d="M 145.95376 181.607115 
L 222.086156 75.183622 
" clip-path="url(#p74d00be796)" style="fill: none; stroke: #808080; stroke-width: 0.5; stroke-linecap: square"/>
   </g>
   <g id="line2d_44">
    <path d="M 165.750374 119.288225 
" clip-path="url(#p74d00be796)" style="fill: none; stroke: #1f77b4; stroke-width: 1.5; stroke-linecap: square"/>
    <defs>
     <path id="m21a01f57dd" d="M -0.772542 2.377641 
L 3.150184 -1.605099 
L -1.605099 -3.150184 
z
" style="stroke: #1f77b4; stroke-linejoin: miter"/>
    </defs>
    <g clip-path="url(#p74d00be796)">
     <use xlink:href="#m21a01f57dd" x="165.750374" y="119.288225" style="fill: #1f77b4; stroke: #1f77b4; stroke-linejoin: miter"/>
    </g>
   </g>
   <g id="line2d_45">
    <path d="M 165.750374 125.589683 
" clip-path="url(#p74d00be796)" style="fill: none; stroke: #ff7f0e; stroke-width: 1.5; stroke-linecap: square"/>
    <defs>
     <path id="m4f985389c7" d="M 0.772542 -2.377641 
C 0.141985 -2.582522 -0.544232 -2.528516 -1.134976 -2.227516 
C -1.72572 -1.926517 -2.172761 -1.4031 -2.377641 -0.772542 
C -2.582522 -0.141985 -2.528516 0.544232 -2.227516 1.134976 
C -1.926517 1.72572 -1.4031 2.172761 -0.772542 2.377641 
C -0.141985 2.582522 0.544232 2.528516 1.134976 2.227516 
C 1.72572 1.926517 2.172761 1.4031 2.377641 0.772542 
C 2.582522 0.141985 2.528516 -0.544232 2.227516 -1.134976 
C 1.926517 -1.72572 1.4031 -2.172761 0.772542 -2.377641 
z
" style="stroke: #1f77b4"/>
    </defs>
    <g clip-path="url(#p74d00be796)">
     <use xlink:href="#m4f985389c7" x="165.750374" y="125.589683" style="fill: #1f77b4; stroke: #1f77b4"/>
    </g>
   </g>
   <g id="line2d_46">
    <path d="M 145.95376 181.607115 
L 185.546987 56.969335 
" clip-path="url(#p74d00be796)" style="fill: none; stroke: #808080; stroke-width: 0.5; stroke-linecap: square"/>
   </g>
   <g id="patch_5">
    <path d="M 47.961177 279.599698 
L 47.961177 83.614532 
" style="fill: none; stroke: #000000; stroke-width: 0.8; stroke-linejoin: miter; stroke-linecap: square"/>
   </g>
   <g id="patch_6">
    <path d="M 243.946343 279.599698 
L 243.946343 83.614532 
" style="fill: none; stroke: #000000; stroke-width: 0.8; stroke-linejoin: miter; stroke-linecap: square"/>
   </g>
   <g id="patch_7">
    <path d="M 47.961178 279.599698 
L 243.946343 279.599698 
" style="fill: none; stroke: #000000; stroke-width: 0.8; stroke-linejoin: miter; stroke-linecap: square"/>
   </g>
   <g id="patch_8">
    <path d="M 47.961178 83.614532 
L 243.946343 83.614532 
" style="fill: none; stroke: #000000; stroke-width: 0.8; stroke-linejoin: miter; stroke-linecap: square"/>
   </g>
   <g id="text_17">
    <!--  1 -->
    <g style="fill: #ff7f0e" transform="translate(146.364231 247.063581) scale(0.1 -0.1)">
     <use xlink:href="#DejaVuSans-20"/>
     <use xlink:href="#DejaVuSans-31" transform="translate(31.787109 0)"/>
    </g>
   </g>
   <g id="text_18">
    <!--  2 -->
    <g style="fill: #2ca02c" transform="translate(166.531456 250.095463) scale(0.1 -0.1)">
     <defs>
      <path id="DejaVuSans-32" d="M 1228 531 
L 3431 531 
L 3431 0 
L 469 0 
L 469 531 
Q 828 903 1448 1529 
Q 2069 2156 2228 2338 
Q 2531 2678 2651 2914 
Q 2772 3150 2772 3378 
Q 2772 3750 2511 3984 
Q 2250 4219 1831 4219 
Q 1534 4219 1204 4116 
Q 875 4013 500 3803 
L 500 4441 
Q 881 4594 1212 4672 
Q 1544 4750 1819 4750 
Q 2544 4750 2975 4387 
Q 3406 4025 3406 3419 
Q 3406 3131 3298 2873 
Q 3191 2616 2906 2266 
Q 2828 2175 2409 1742 
Q 1991 1309 1228 531 
z
" transform="scale(0.015625)"/>
     </defs>
     <use xlink:href="#DejaVuSans-20"/>
     <use xlink:href="#DejaVuSans-32" transform="translate(31.787109 0)"/>
    </g>
   </g>
   <g id="text_19">
    <!--  3 -->
    <g style="fill: #d62728" transform="translate(184.684387 246.423207) scale(0.1 -0.1)">
     <defs>
      <path id="DejaVuSans-33" d="M 2597 2516 
Q 3050 2419 3304 2112 
Q 3559 1806 3559 1356 
Q 3559 666 3084 287 
Q 2609 -91 1734 -91 
Q 1441 -91 1130 -33 
Q 819 25 488 141 
L 488 750 
Q 750 597 1062 519 
Q 1375 441 1716 441 
Q 2309 441 2620 675 
Q 2931 909 2931 1356 
Q 2931 1769 2642 2001 
Q 2353 2234 1838 2234 
L 1294 2234 
L 1294 2753 
L 1863 2753 
Q 2328 2753 2575 2939 
Q 2822 3125 2822 3475 
Q 2822 3834 2567 4026 
Q 2313 4219 1838 4219 
Q 1578 4219 1281 4162 
Q 984 4106 628 3988 
L 628 4550 
Q 988 4650 1302 4700 
Q 1616 4750 1894 4750 
Q 2613 4750 3031 4423 
Q 3450 4097 3450 3541 
Q 3450 3153 3228 2886 
Q 3006 2619 2597 2516 
z
" transform="scale(0.015625)"/>
     </defs>
     <use xlink:href="#DejaVuSans-20"/>
     <use xlink:href="#DejaVuSans-33" transform="translate(31.787109 0)"/>
    </g>
   </g>
   <g id="text_20">
    <!--  4 -->
    <g style="fill: #9467bd" transform="translate(199.046082 236.406279) scale(0.1 -0.1)">
     <defs>
      <path id="DejaVuSans-34" d="M 2419 4116 
L 825 1625 
L 2419 1625 
L 2419 4116 
z
M 2253 4666 
L 3047 4666 
L 3047 1625 
L 3713 1625 
L 3713 1100 
L 3047 1100 
L 3047 0 
L 2419 0 
L 2419 1100 
L 313 1100 
L 313 1709 
L 2253 4666 
z
" transform="scale(0.015625)"/>
     </defs>
     <use xlink:href="#DejaVuSans-20"/>
     <use xlink:href="#DejaVuSans-34" transform="translate(31.787109 0)"/>
    </g>
   </g>
   <g id="text_21">
    <!--  5 -->
    <g style="fill: #1f77b4" transform="translate(208.210713 221.025209) scale(0.1 -0.1)">
     <use xlink:href="#DejaVuSans-20"/>
