<?xml version="1.0" encoding="utf-8" standalone="no"?>
<!DOCTYPE svg PUBLIC "-//W3C//DTD SVG 1.1//EN"
  "http://www.w3.org/Graphics/SVG/1.1/DTD/svg11.dtd">
<svg xmlns:xlink="http://www.w3.org/1999/xlink" width="460.8pt" height="345.6pt" viewBox="0 0 460.8 345.6" xmlns="http://www.w3.org/2000/svg" version="1.1">
 <metadata>
  <rdf:RDF xmlns:dc="http://purl.org/dc/elements/1.1/" xmlns:cc="http://creativecommons.org/ns#" xmlns:rdf="http://www.w3.org/1999/02/22-rdf-syntax-ns#">
   <cc:Work>
    <dc:type rdf:resource="http://purl.org/dc/dcmitype/StillImage"/>
    <dc:date>2025-06-01T16:28:03.666957</dc:date>
    <dc:format>image/svg+xml</dc:format>
    <dc:creator>
     <cc:Agent>
      <dc:title>Matplotlib v3.10.3, https://matplotlib.org/</dc:title>
     </cc:Agent>
    </dc:creator>
   </cc:Work>
  </rdf:RDF>
 </metadata>
 <defs>
  <style type="text/css">*{stroke-linejoin: round; stroke-linecap: butt}</style>
 </defs>
 <g id="figure_1">
  <g id="patch_1">
   <path d="M 0 345.6 
L 460.8 345.6 
L 460.8 0 
L 0 0 
z
" style="fill: #ffffff"/>
  </g>
  <g id="axes_1">
   <g id="patch_2">
    <path d="M 34.283052 287.415769 
L 245.900361 287.415769 
L 245.900361 75.798461 
L 34.283052 75.798461 
z
" style="fill: #ffffff"/>
   </g>
   <g id="line2d_1">
    <path d="M 140.534917 252.143433 
L 144.520923 251.99311 
L 148.492769 251.617769 
L 152.437757 251.01861 
L 156.343277 250.197549 
L 160.196841 249.15721 
L 163.986131 247.90092 
L 167.699033 246.432695 
L 171.323677 244.757228 
L 174.848475 242.879875 
L 178.262159 240.806639 
L 181.553815 238.544148 
L 184.71292 236.099634 
L 187.729376 233.480912 
L 190.593538 230.696355 
L 193.29625 227.754863 
L 195.828872 224.665842 
L 198.183308 221.439165 
L 200.35203 218.085149 
L 202.328105 214.614516 
L 204.105215 211.038361 
L 205.677681 207.368117 
L 207.040473 203.615518 
L 208.189237 199.79256 
L 209.120299 195.911464 
L 209.830683 191.984639 
L 210.318117 188.024638 
L 210.581044 184.04412 
L 210.618623 180.055812 
L 210.430734 176.072463 
L 210.017977 172.106807 
L 209.381672 168.171524 
L 208.523853 164.279193 
L 207.447263 160.442257 
L 206.155343 156.672984 
L 204.652224 152.983423 
L 202.94271 149.385369 
L 201.032268 145.890325 
L 198.927004 142.509465 
L 196.633648 139.253596 
L 194.159534 136.133128 
L 191.512569 133.158036 
L 188.701216 130.337832 
L 185.734463 127.68153 
L 182.621795 125.197624 
L 179.373161 122.894054 
L 175.998948 120.778185 
L 172.509943 118.85678 
L 168.9173 117.135982 
L 165.232504 115.621293 
L 161.467335 114.317554 
L 157.63383 113.228934 
L 153.744245 112.358913 
L 149.811013 111.710272 
L 145.84671 111.285086 
L 141.864008 111.084712 
L 137.875641 111.109792 
L 133.894358 111.360246 
L 129.932888 111.835273 
L 126.003894 112.533354 
L 122.119938 113.452258 
L 118.293436 114.589047 
L 114.536621 115.940086 
L 110.861504 117.501057 
L 107.279833 119.26697 
L 103.803058 121.232178 
L 100.442295 123.390399 
L 97.208288 125.734735 
L 94.111375 128.257689 
L 91.161457 130.951196 
L 88.367964 133.806646 
L 85.739828 136.81491 
L 83.28545 139.96637 
L 81.012677 143.250952 
L 78.928773 146.658155 
L 77.040403 150.177087 
L 75.353601 153.796498 
L 73.873761 157.504817 
L 72.605615 161.290189 
L 71.553215 165.140512 
L 70.719927 169.043478 
L 70.108414 172.986608 
L 69.720631 176.957297 
L 69.557818 180.942852 
L 69.620496 184.93053 
L 69.908464 188.907583 
L 70.420802 192.861297 
L 71.155871 196.779033 
L 72.111322 200.648266 
L 73.2841 204.456625 
L 74.670456 208.191937 
L 76.265958 211.84226 
L 78.065505 215.395923 
L 80.063344 218.841567 
L 82.253089 222.168175 
L 84.627738 225.365114 
L 87.179701 228.422162 
L 89.900819 231.329546 
L 92.782392 234.077973 
L 95.815209 236.658654 
L 98.989574 239.063341 
L 102.295339 241.284346 
L 105.721936 243.314567 
L 109.258409 245.147516 
L 112.893454 246.777332 
L 116.615449 248.198804 
L 120.412496 249.407388 
L 124.272455 250.399222 
L 128.182987 251.171133 
L 132.131591 251.720654 
L 136.105642 252.046028 
L 140.092436 252.146216 
L 140.092436 252.146216 
" clip-path="url(#p275025c408)" style="fill: none; stroke: #1f77b4; stroke-opacity: 0.5; stroke-width: 1.5; stroke-linecap: square"/>
   </g>
   <g id="line2d_2">
    <path d="M 140.534917 252.002355 
L 144.520923 250.583247 
L 148.492769 248.943628 
L 152.437757 247.08874 
L 156.343277 245.024514 
L 160.196841 242.757547 
L 164.402668 240.009751 
L 168.51255 237.031465 
L 172.510267 233.834444 
L 176.380043 230.431304 
L 180.106605 226.835478 
L 183.675245 223.061155 
L 187.071881 219.123231 
L 190.283107 215.037248 
L 193.29625 210.819331 
L 196.099418 206.486127 
L 198.681549 202.054736 
L 201.032451 197.542647 
L 203.142848 192.967668 
L 205.004409 188.347853 
L 206.460968 184.166753 
L 207.70535 179.97747 
L 208.733577 175.793397 
L 209.542363 171.627909 
L 210.129121 167.494324 
L 210.491975 163.405857 
L 210.629766 159.375577 
L 210.542054 155.41637 
L 210.229118 151.540892 
L 209.691959 147.761533 
L 208.932294 144.090375 
L 207.952552 140.539155 
L 206.755865 137.119226 
L 205.513094 134.198356 
L 204.105062 131.397246 
L 202.535327 128.72297 
L 200.807852 126.182285 
L 198.927004 123.781608 
L 196.897531 121.527004 
L 194.724562 119.424169 
L 192.413585 117.478413 
L 189.970438 115.694652 
L 187.401292 114.077392 
L 184.712638 112.630719 
L 181.911267 111.358287 
L 179.004256 110.26331 
L 175.998948 109.348555 
L 172.902935 108.616331 
L 169.321246 108.013047 
L 165.646113 107.645037 
L 161.889284 107.513477 
L 158.06277 107.618787 
L 154.178805 107.960632 
L 150.249804 108.537918 
L 146.288329 109.348799 
L 142.307044 110.390684 
L 138.318676 111.660242 
L 134.335977 113.153413 
L 130.371678 114.865425 
L 126.438454 116.790803 
L 122.548877 118.923394 
L 118.715384 121.256379 
L 114.536621 124.074523 
L 110.458714 127.119722 
L 106.497754 130.379958 
L 102.669375 133.842366 
L 98.988685 137.493279 
L 95.470211 141.318291 
L 92.127838 145.302304 
L 88.974757 149.429597 
L 86.023412 153.68388 
L 83.28545 158.048363 
L 80.771678 162.505822 
L 78.492015 167.038666 
L 76.455459 171.629005 
L 74.837078 175.794499 
L 73.42731 179.978576 
L 72.230663 184.167859 
L 71.250961 188.348955 
L 70.491336 192.508498 
L 69.954218 196.633191 
L 69.641323 200.709846 
L 69.553652 204.725432 
L 69.691484 208.667111 
L 70.05438 212.522281 
L 70.641178 216.278618 
L 71.450004 219.924114 
L 72.478271 223.447113 
L 73.722693 226.836354 
L 75.007107 229.727952 
L 76.455931 232.497992 
L 78.065505 235.139476 
L 79.831763 237.645733 
L 81.750243 240.010431 
L 83.8161 242.227597 
L 86.024114 244.29163 
L 88.368708 246.197315 
L 90.843959 247.93984 
L 93.443615 249.514802 
L 96.161108 250.918222 
L 98.989574 252.146556 
L 101.921868 253.196701 
L 104.950583 254.066004 
L 108.068067 254.752268 
L 111.671531 255.303388 
L 115.365852 255.618907 
L 119.139219 255.697818 
L 122.97957 255.539866 
L 126.874626 255.145559 
L 130.811937 254.516156 
L 134.778914 253.653669 
L 138.762875 252.560855 
L 140.092436 252.145983 
L 140.092436 252.145983 
" clip-path="url(#p275025c408)" style="fill: none; stroke: #ff7f0e; stroke-opacity: 0.5; stroke-width: 1.5; stroke-linecap: square"/>
   </g>
   <g id="patch_3">
    <path d="M 164.780393 181.607115 
C 164.780393 176.724739 163.332102 171.950364 160.619599 167.890816 
C 157.907096 163.831268 154.050385 160.666148 149.539658 158.797743 
C 145.02893 156.929339 140.063746 156.440311 135.275183 157.392815 
C 130.48662 158.34532 126.086531 160.697216 122.634169 164.149578 
C 119.181808 167.601939 116.829911 172.002028 115.877407 176.790591 
C 114.924903 181.579154 115.413931 186.544339 117.282335 191.055066 
C 119.15074 195.565794 122.31586 199.422504 126.375408 202.135007 
C 130.434955 204.84751 135.20933 206.295801 140.091707 206.295801 
" clip-path="url(#p275025c408)" style="fill: none; opacity: 0.5; stroke: #808080; stroke-width: 1.5; stroke-linejoin: miter"/>
   </g>
   <g id="patch_4">
    <path d="M 138.618662 203.795801 
Q 141.118662 205.045801 143.618662 206.295801 
Q 141.118662 207.545801 138.618662 208.795801 
z
" clip-path="url(#p275025c408)" style="fill: #808080; opacity: 0.5; stroke: #808080; stroke-linecap: round"/>
   </g>
   <g id="matplotlib.axis_1">
    <g id="xtick_1">
     <g id="line2d_3">
      <defs>
       <path id="mfcb6ef2ca5" d="M 0 0 
L 0 3.5 
" style="stroke: #000000; stroke-width: 0.8"/>
      </defs>
      <g>
       <use xlink:href="#mfcb6ef2ca5" x="34.283053" y="287.415769" style="stroke: #000000; stroke-width: 0.8"/>
      </g>
     </g>
     <g id="text_1">
      <!-- −1.5 -->
      <g transform="translate(22.141646 302.014207) scale(0.1 -0.1)">
       <defs>
        <path id="DejaVuSans-2212" d="M 678 2272 
L 4684 2272 
L 4684 1741 
L 678 1741 
L 678 2272 
z
" transform="scale(0.015625)"/>
        <path id="DejaVuSans-31" d="M 794 531 
L 1825 531 
L 1825 4091 
L 703 3866 
L 703 4441 
L 1819 4666 
L 2450 4666 
L 2450 531 
L 3481 531 
L 3481 0 
L 794 0 
L 794 531 
z
" transform="scale(0.015625)"/>
        <path id="DejaVuSans-2e" d="M 684 794 
L 1344 794 
L 1344 0 
L 684 0 
L 684 794 
z
" transform="scale(0.015625)"/>
        <path id="DejaVuSans-35" d="M 691 4666 
L 3169 4666 
L 3169 4134 
L 1269 4134 
L 1269 2991 
Q 1406 3038 1543 3061 
Q 1681 3084 1819 3084 
Q 2600 3084 3056 2656 
Q 3513 2228 3513 1497 
Q 3513 744 3044 326 
Q 2575 -91 1722 -91 
Q 1428 -91 1123 -41 
Q 819 9 494 109 
L 494 744 
Q 775 591 1075 516 
Q 1375 441 1709 441 
Q 2250 441 2565 725 
Q 2881 1009 2881 1497 
Q 2881 1984 2565 2268 
Q 2250 2553 1709 2553 
Q 1456 2553 1204 2497 
Q 953 2441 691 2322 
L 691 4666 
z
" transform="scale(0.015625)"/>
       </defs>
       <use xlink:href="#DejaVuSans-2212"/>
       <use xlink:href="#DejaVuSans-31" transform="translate(83.789062 0)"/>
       <use xlink:href="#DejaVuSans-2e" transform="translate(147.412109 0)"/>
       <use xlink:href="#DejaVuSans-35" transform="translate(179.199219 0)"/>
      </g>
     </g>
    </g>
    <g id="xtick_2">
     <g id="line2d_4">
      <g>
       <use xlink:href="#mfcb6ef2ca5" x="69.552604" y="287.415769" style="stroke: #000000; stroke-width: 0.8"/>
      </g>
     </g>
     <g id="text_2">
      <!-- −1.0 -->
      <g transform="translate(57.411198 302.014207) scale(0.1 -0.1)">
       <defs>
        <path id="DejaVuSans-30" d="M 2034 4250 
Q 1547 4250 1301 3770 
Q 1056 3291 1056 2328 
Q 1056 1369 1301 889 
Q 1547 409 2034 409 
Q 2525 409 2770 889 
Q 3016 1369 3016 2328 
Q 3016 3291 2770 3770 
Q 2525 4250 2034 4250 
z
M 2034 4750 
Q 2819 4750 3233 4129 
Q 3647 3509 3647 2328 
Q 3647 1150 3233 529 
Q 2819 -91 2034 -91 
Q 1250 -91 836 529 
Q 422 1150 422 2328 
Q 422 3509 836 4129 
Q 1250 4750 2034 4750 
z
" transform="scale(0.015625)"/>
       </defs>
       <use xlink:href="#DejaVuSans-2212"/>
       <use xlink:href="#DejaVuSans-31" transform="translate(83.789062 0)"/>
       <use xlink:href="#DejaVuSans-2e" transform="translate(147.412109 0)"/>
       <use xlink:href="#DejaVuSans-30" transform="translate(179.199219 0)"/>
      </g>
     </g>
    </g>
    <g id="xtick_3">
     <g id="line2d_5">
      <g>
       <use xlink:href="#mfcb6ef2ca5" x="104.822155" y="287.415769" style="stroke: #000000; stroke-width: 0.8"/>
      </g>
     </g>
     <g id="text_3">
      <!-- −0.5 -->
      <g transform="translate(92.680749 302.014207) scale(0.1 -0.1)">
       <use xlink:href="#DejaVuSans-2212"/>
       <use xlink:href="#DejaVuSans-30" transform="translate(83.789062 0)"/>
       <use xlink:href="#DejaVuSans-2e" transform="translate(147.412109 0)"/>
       <use xlink:href="#DejaVuSans-35" transform="translate(179.199219 0)"/>
      </g>
     </g>
    </g>
    <g id="xtick_4">
     <g id="line2d_6">
      <g>
       <use xlink:href="#mfcb6ef2ca5" x="140.091707" y="287.415769" style="stroke: #000000; stroke-width: 0.8"/>
      </g>
     </g>
     <g id="text_4">
      <!-- 0.0 -->
      <g transform="translate(132.140144 302.014207) scale(0.1 -0.1)">
       <use xlink:href="#DejaVuSans-30"/>
       <use xlink:href="#DejaVuSans-2e" transform="translate(63.623047 0)"/>
       <use xlink:href="#DejaVuSans-30" transform="translate(95.410156 0)"/>
      </g>
     </g>
    </g>
    <g id="xtick_5">
     <g id="line2d_7">
      <g>
       <use xlink:href="#mfcb6ef2ca5" x="175.361258" y="287.415769" style="stroke: #000000; stroke-width: 0.8"/>
      </g>
     </g>
     <g id="text_5">
      <!-- 0.5 -->
      <g transform="translate(167.409696 302.014207) scale(0.1 -0.1)">
       <use xlink:href="#DejaVuSans-30"/>
       <use xlink:href="#DejaVuSans-2e" transform="translate(63.623047 0)"/>
       <use xlink:href="#DejaVuSans-35" transform="translate(95.410156 0)"/>
      </g>
     </g>
    </g>
    <g id="xtick_6">
     <g id="line2d_8">
      <g>
       <use xlink:href="#mfcb6ef2ca5" x="210.63081" y="287.415769" style="stroke: #000000; stroke-width: 0.8"/>
      </g>
     </g>
     <g id="text_6">
      <!-- 1.0 -->
      <g transform="translate(202.679247 302.014207) scale(0.1 -0.1)">
       <use xlink:href="#DejaVuSans-31"/>
       <use xlink:href="#DejaVuSans-2e" transform="translate(63.623047 0)"/>
       <use xlink:href="#DejaVuSans-30" transform="translate(95.410156 0)"/>
      </g>
     </g>
    </g>
    <g id="xtick_7">
     <g id="line2d_9">
      <g>
       <use xlink:href="#mfcb6ef2ca5" x="245.900361" y="287.415769" style="stroke: #000000; stroke-width: 0.8"/>
      </g>
     </g>
     <g id="text_7">
      <!-- 1.5 -->
      <g transform="translate(237.948799 302.014207) scale(0.1 -0.1)">
       <use xlink:href="#DejaVuSans-31"/>
       <use xlink:href="#DejaVuSans-2e" transform="translate(63.623047 0)"/>
       <use xlink:href="#DejaVuSans-35" transform="translate(95.410156 0)"/>
      </g>
     </g>
    </g>
   </g>
   <g id="matplotlib.axis_2">
    <g id="ytick_1">
     <g id="line2d_10">
      <defs>
       <path id="m885cdb4e3a" d="M 0 0 
L -3.5 0 
" style="stroke: #000000; stroke-width: 0.8"/>
      </defs>
      <g>
       <use xlink:href="#m885cdb4e3a" x="34.283052" y="287.415769" style="stroke: #000000; stroke-width: 0.8"/>
      </g>
     </g>
     <g id="text_8">
      <!-- −1.5 -->
      <g transform="translate(3.00024 291.214988) scale(0.1 -0.1)">
       <use xlink:href="#DejaVuSans-2212"/>
       <use xlink:href="#DejaVuSans-31" transform="translate(83.789062 0)"/>
       <use xlink:href="#DejaVuSans-2e" transform="translate(147.412109 0)"/>
       <use xlink:href="#DejaVuSans-35" transform="translate(179.199219 0)"/>
      </g>
     </g>
    </g>
    <g id="ytick_2">
     <g id="line2d_11">
      <g>
       <use xlink:href="#m885cdb4e3a" x="34.283052" y="252.146218" style="stroke: #000000; stroke-width: 0.8"/>
      </g>
     </g>
     <g id="text_9">
      <!-- −1.0 -->
      <g transform="translate(3.00024 255.945437) scale(0.1 -0.1)">
       <use xlink:href="#DejaVuSans-2212"/>
       <use xlink:href="#DejaVuSans-31" transform="translate(83.789062 0)"/>
       <use xlink:href="#DejaVuSans-2e" transform="translate(147.412109 0)"/>
       <use xlink:href="#DejaVuSans-30" transform="translate(179.199219 0)"/>
      </g>
     </g>
    </g>
    <g id="ytick_3">
     <g id="line2d_12">
      <g>
       <use xlink:href="#m885cdb4e3a" x="34.283052" y="216.876666" style="stroke: #000000; stroke-width: 0.8"/>
      </g>
     </g>
     <g id="text_10">
      <!-- −0.5 -->
      <g transform="translate(3.00024 220.675885) scale(0.1 -0.1)">
       <use xlink:href="#DejaVuSans-2212"/>
       <use xlink:href="#DejaVuSans-30" transform="translate(83.789062 0)"/>
       <use xlink:href="#DejaVuSans-2e" transform="translate(147.412109 0)"/>
       <use xlink:href="#DejaVuSans-35" transform="translate(179.199219 0)"/>
      </g>
     </g>
    </g>
    <g id="ytick_4">
     <g id="line2d_13">
      <g>
       <use xlink:href="#m885cdb4e3a" x="34.283052" y="181.607115" style="stroke: #000000; stroke-width: 0.8"/>
      </g>
     </g>
     <g id="text_11">
      <!-- 0.0 -->
      <g transform="translate(11.379927 185.406334) scale(0.1 -0.1)">
       <use xlink:href="#DejaVuSans-30"/>
       <use xlink:href="#DejaVuSans-2e" transform="translate(63.623047 0)"/>
       <use xlink:href="#DejaVuSans-30" transform="translate(95.410156 0)"/>
      </g>
     </g>
    </g>
    <g id="ytick_5">
     <g id="line2d_14">
      <g>
       <use xlink:href="#m885cdb4e3a" x="34.283052" y="146.337564" style="stroke: #000000; stroke-width: 0.8"/>
      </g>
     </g>
     <g id="text_12">
      <!-- 0.5 -->
      <g transform="translate(11.379927 150.136782) scale(0.1 -0.1)">
       <use xlink:href="#DejaVuSans-30"/>
       <use xlink:href="#DejaVuSans-2e" transform="translate(63.623047 0)"/>
       <use xlink:href="#DejaVuSans-35" transform="translate(95.410156 0)"/>
      </g>
     </g>
    </g>
    <g id="ytick_6">
     <g id="line2d_15">
      <g>
       <use xlink:href="#m885cdb4e3a" x="34.283052" y="111.068012" style="stroke: #000000; stroke-width: 0.8"/>
      </g>
     </g>
     <g id="text_13">
      <!-- 1.0 -->
      <g transform="translate(11.379927 114.867231) scale(0.1 -0.1)">
       <use xlink:href="#DejaVuSans-31"/>
       <use xlink:href="#DejaVuSans-2e" transform="translate(63.623047 0)"/>
       <use xlink:href="#DejaVuSans-30" transform="translate(95.410156 0)"/>
      </g>
     </g>
    </g>
    <g id="ytick_7">
     <g id="line2d_16">
      <g>
       <use xlink:href="#m885cdb4e3a" x="34.283052" y="75.798461" style="stroke: #000000; stroke-width: 0.8"/>
      </g>
     </g>
     <g id="text_14">
      <!-- 1.5 -->
      <g transform="translate(11.379927 79.597679) scale(0.1 -0.1)">
       <use xlink:href="#DejaVuSans-31"/>
       <use xlink:href="#DejaVuSans-2e" transform="translate(63.623047 0)"/>
       <use xlink:href="#DejaVuSans-35" transform="translate(95.410156 0)"/>
      </g>
     </g>
    </g>
   </g>
   <g id="line2d_17">
    <path d="M 140.534917 252.143433 
" clip-path="url(#p275025c408)" style="fill: none; stroke: #ff7f0e; stroke-width: 1.5; stroke-linecap: square"/>
    <defs>
     <path id="mb21a51e2c0" d="M 0 -2.5 
L -2.5 2.5 
L 2.5 2.5 
z
" style="stroke: #ff7f0e; stroke-linejoin: miter"/>
    </defs>
    <g clip-path="url(#p275025c408)">
     <use xlink:href="#mb21a51e2c0" x="140.534917" y="252.143433" style="fill: #ff7f0e; stroke: #ff7f0e; stroke-linejoin: miter"/>
    </g>
   </g>
   <g id="line2d_18">
    <path d="M 140.534917 252.002355 
" clip-path="url(#p275025c408)" style="fill: none; stroke: #2ca02c; stroke-width: 1.5; stroke-linecap: square"/>
    <defs>
     <path id="m17c7d5fad9" d="M 0 2.5 
C 0.663008 2.5 1.29895 2.236584 1.767767 1.767767 
C 2.236584 1.29895 2.5 0.663008 2.5 0 
C 2.5 -0.663008 2.236584 -1.29895 1.767767 -1.767767 
C 1.29895 -2.236584 0.663008 -2.5 0 -2.5 
C -0.663008 -2.5 -1.29895 -2.236584 -1.767767 -1.767767 
C -2.236584 -1.29895 -2.5 -0.663008 -2.5 0 
C -2.5 0.663008 -2.236584 1.29895 -1.767767 1.767767 
C -1.29895 2.236584 -0.663008 2.5 0 2.5 
z
" style="stroke: #ff7f0e"/>
    </defs>
    <g clip-path="url(#p275025c408)">
     <use xlink:href="#m17c7d5fad9" x="140.534917" y="252.002355" style="fill: #ff7f0e; stroke: #ff7f0e"/>
    </g>
   </g>
   <g id="line2d_19">
    <path d="M 140.091707 181.607115 
L 140.978127 322.679751 
" clip-path="url(#p275025c408)" style="fill: none; stroke: #808080; stroke-width: 0.5; stroke-linecap: square"/>
   </g>
   <g id="line2d_20">
    <path d="M 162.310718 248.485691 
" clip-path="url(#p275025c408)" style="fill: none; stroke: #2ca02c; stroke-width: 1.5; stroke-linecap: square"/>
    <defs>
     <path id="maa5f87a871" d="M -0.772542 -2.377641 
L -1.605099 3.150184 
L 3.150184 1.605099 
z
" style="stroke: #2ca02c; stroke-linejoin: miter"/>
    </defs>
    <g clip-path="url(#p275025c408)">
     <use xlink:href="#maa5f87a871" x="162.310718" y="248.485691" style="fill: #2ca02c; stroke: #2ca02c; stroke-linejoin: miter"/>
    </g>
   </g>
   <g id="line2d_21">
    <path d="M 162.310718 241.41316 
" clip-path="url(#p275025c408)" style="fill: none; stroke: #d62728; stroke-width: 1.5; stroke-linecap: square"/>
    <defs>
     <path id="md2b8d35015" d="M 0.772542 2.377641 
C 1.4031 2.172761 1.926517 1.72572 2.227516 1.134976 
C 2.528516 0.544232 2.582522 -0.141985 2.377641 -0.772542 
C 2.172761 -1.4031 1.72572 -1.926517 1.134976 -2.227516 
C 0.544232 -2.528516 -0.141985 -2.582522 -0.772542 -2.377641 
C -1.4031 -2.172761 -1.926517 -1.72572 -2.227516 -1.134976 
C -2.528516 -0.544232 -2.582522 0.141985 -2.377641 0.772542 
C -2.172761 1.4031 -1.72572 1.926517 -1.134976 2.227516 
C -0.544232 2.528516 0.141985 2.582522 0.772542 2.377641 
z
" style="stroke: #2ca02c"/>
    </defs>
    <g clip-path="url(#p275025c408)">
     <use xlink:href="#md2b8d35015" x="162.310718" y="241.41316" style="fill: #2ca02c; stroke: #2ca02c"/>
    </g>
   </g>
   <g id="line2d_22">
    <path d="M 140.091707 181.607115 
L 184.52973 315.364267 
" clip-path="url(#p275025c408)" style="fill: none; stroke: #808080; stroke-width: 0.5; stroke-linecap: square"/>
   </g>
   <g id="line2d_23">
    <path d="M 181.911561 238.281386 
" clip-path="url(#p275025c408)" style="fill: none; stroke: #d62728; stroke-width: 1.5; stroke-linecap: square"/>
    <defs>
     <path id="m738e17dd1a" d="M -1.469463 -2.022542 
L -0.553079 3.492006 
L 3.492006 0.553079 
z
" style="stroke: #d62728; stroke-linejoin: miter"/>
    </defs>
    <g clip-path="url(#p275025c408)">
     <use xlink:href="#m738e17dd1a" x="181.911561" y="238.281386" style="fill: #d62728; stroke: #d62728; stroke-linejoin: miter"/>
    </g>
   </g>
   <g id="line2d_24">
    <path d="M 181.911561 224.969713 
" clip-path="url(#p275025c408)" style="fill: none; stroke: #9467bd; stroke-width: 1.5; stroke-linecap: square"/>
    <defs>
     <path id="m3a798e7e04" d="M 1.469463 2.022542 
C 2.005848 1.632836 2.365504 1.045931 2.469221 0.391086 
C 2.572938 -0.263759 2.412249 -0.933079 2.022542 -1.469463 
C 1.632836 -2.005848 1.045931 -2.365504 0.391086 -2.469221 
C -0.263759 -2.572938 -0.933079 -2.412249 -1.469463 -2.022542 
C -2.005848 -1.632836 -2.365504 -1.045931 -2.469221 -0.391086 
C -2.572938 0.263759 -2.412249 0.933079 -2.022542 1.469463 
C -1.632836 2.005848 -1.045931 2.365504 -0.391086 2.469221 
C 0.263759 2.572938 0.933079 2.412249 1.469463 2.022542 
z
" style="stroke: #d62728"/>
    </defs>
    <g clip-path="url(#p275025c408)">
     <use xlink:href="#m3a798e7e04" x="181.911561" y="224.969713" style="fill: #d62728; stroke: #d62728"/>
    </g>
   </g>
   <g id="line2d_25">
    <path d="M 140.091707 181.607115 
L 223.731415 294.955657 
" clip-path="url(#p275025c408)" style="fill: none; stroke: #808080; stroke-width: 0.5; stroke-linecap: square"/>
   </g>
   <g id="line2d_26">
    <path d="M 197.418771 222.529391 
" clip-path="url(#p275025c408)" style="fill: none; stroke: #9467bd; stroke-width: 1.5; stroke-linecap: square"/>
    <defs>
     <path id="m33b2a4e2d6" d="M -2.022542 -1.469463 
L 0.553079 3.492006 
L 3.492006 -0.553079 
z
" style="stroke: #9467bd; stroke-linejoin: miter"/>
    </defs>
    <g clip-path="url(#p275025c408)">
     <use xlink:href="#m33b2a4e2d6" x="197.418771" y="222.529391" style="fill: #9467bd; stroke: #9467bd; stroke-linejoin: miter"/>
    </g>
   </g>
   <g id="line2d_27">
    <path d="M 197.418771 204.28162 
" clip-path="url(#p275025c408)" style="fill: none; stroke: #8c564b; stroke-width: 1.5; stroke-linecap: square"/>
    <defs>
     <path id="mbb324f64b8" d="M 2.022542 1.469463 
C 2.412249 0.933079 2.572938 0.263759 2.469221 -0.391086 
C 2.365504 -1.045931 2.005848 -1.632836 1.469463 -2.022542 
C 0.933079 -2.412249 0.263759 -2.572938 -0.391086 -2.469221 
C -1.045931 -2.365504 -1.632836 -2.005848 -2.022542 -1.469463 
C -2.412249 -0.933079 -2.572938 -0.263759 -2.469221 0.391086 
C -2.365504 1.045931 -2.005848 1.632836 -1.469463 2.022542 
C -0.933079 2.412249 -0.263759 2.572938 0.391086 2.469221 
C 1.045931 2.365504 1.632836 2.005848 2.022542 1.469463 
z
" style="stroke: #9467bd"/>
    </defs>
    <g clip-path="url(#p275025c408)">
     <use xlink:href="#mbb324f64b8" x="197.418771" y="204.28162" style="fill: #9467bd; stroke: #9467bd"/>
    </g>
   </g>
   <g id="line2d_28">
    <path d="M 140.091707 181.607115 
L 254.745835 263.451667 
" clip-path="url(#p275025c408)" style="fill: none; stroke: #808080; stroke-width: 0.5; stroke-linecap: square"/>
   </g>
   <g id="line2d_29">
    <path d="M 207.314391 202.771625 
" clip-path="url(#p275025c408)" style="fill: none; stroke: #1f77b4; stroke-width: 1.5; stroke-linecap: square"/>
    <defs>
     <path id="m684a216489" d="M -2.377641 -0.772542 
L 1.605099 3.150184 
L 3.150184 -1.605099 
z
" style="stroke: #1f77b4; stroke-linejoin: miter"/>
    </defs>
    <g clip-path="url(#p275025c408)">
     <use xlink:href="#m684a216489" x="207.314391" y="202.771625" style="fill: #1f77b4; stroke: #1f77b4; stroke-linejoin: miter"/>
    </g>
   </g>
   <g id="line2d_30">
    <path d="M 207.314391 181.37398 
" clip-path="url(#p275025c408)" style="fill: none; stroke: #e377c2; stroke-width: 1.5; stroke-linecap: square"/>
    <defs>
     <path id="m64b427a9c3" d="M 2.377641 0.772542 
C 2.582522 0.141985 2.528516 -0.544232 2.227516 -1.134976 
C 1.926517 -1.72572 1.4031 -2.172761 0.772542 -2.377641 
C 0.141985 -2.582522 -0.544232 -2.528516 -1.134976 -2.227516 
C -1.72572 -1.926517 -2.172761 -1.4031 -2.377641 -0.772542 
C -2.582522 -0.141985 -2.528516 0.544232 -2.227516 1.134976 
C -1.926517 1.72572 -1.4031 2.172761 -0.772542 2.377641 
C -0.141985 2.582522 0.544232 2.528516 1.134976 2.227516 
C 1.72572 1.926517 2.172761 1.4031 2.377641 0.772542 
z
" style="stroke: #1f77b4"/>
    </defs>
    <g clip-path="url(#p275025c408)">
     <use xlink:href="#m64b427a9c3" x="207.314391" y="181.37398" style="fill: #1f77b4; stroke: #1f77b4"/>
    </g>
   </g>
   <g id="line2d_31">
    <path d="M 140.091707 181.607115 
L 274.537075 223.936135 
" clip-path="url(#p275025c408)" style="fill: none; stroke: #808080; stroke-width: 0.5; stroke-linecap: square"/>
   </g>
   <g id="line2d_32">
    <path d="M 210.629764 180.942123 
" clip-path="url(#p275025c408)" style="fill: none; stroke: #ff7f0e; stroke-width: 1.5; stroke-linecap: square"/>
    <defs>
     <path id="m70932caec9" d="M -2.5 -0 
L 2.5 2.5 
L 2.5 -2.5 
z
" style="stroke: #ff7f0e; stroke-linejoin: miter"/>
    </defs>
    <g clip-path="url(#p275025c408)">
     <use xlink:href="#m70932caec9" x="210.629764" y="180.942123" style="fill: #ff7f0e; stroke: #ff7f0e; stroke-linejoin: miter"/>
    </g>
   </g>
   <g id="line2d_33">
    <path d="M 210.629764 158.489162 
" clip-path="url(#p275025c408)" style="fill: none; stroke: #7f7f7f; stroke-width: 1.5; stroke-linecap: square"/>
    <defs>
     <path id="m543c3c6b9e" d="M 2.5 0 
C 2.5 -0.663008 2.236584 -1.29895 1.767767 -1.767767 
C 1.29895 -2.236584 0.663008 -2.5 0 -2.5 
C -0.663008 -2.5 -1.29895 -2.236584 -1.767767 -1.767767 
C -2.236584 -1.29895 -2.5 -0.663008 -2.5 -0 
C -2.5 0.663008 -2.236584 1.29895 -1.767767 1.767767 
C -1.29895 2.236584 -0.663008 2.5 -0 2.5 
C 0.663008 2.5 1.29895 2.236584 1.767767 1.767767 
C 2.236584 1.29895 2.5 0.663008 2.5 0 
z
" style="stroke: #ff7f0e"/>
    </defs>
    <g clip-path="url(#p275025c408)">
     <use xlink:href="#m543c3c6b9e" x="210.629764" y="158.489162" style="fill: #ff7f0e; stroke: #ff7f0e"/>
    </g>
   </g>
   <g id="line2d_34">
    <path d="M 140.091707 181.607115 
L 281.167822 180.277131 
" clip-path="url(#p275025c408)" style="fill: none; stroke: #808080; stroke-width: 0.5; stroke-linecap: square"/>
   </g>
   <g id="line2d_35">
    <path d="M 207.040359 159.177715 
" clip-path="url(#p275025c408)" style="fill: none; stroke: #2ca02c; stroke-width: 1.5; stroke-linecap: square"/>
    <defs>
     <path id="ma8e0a33dca" d="M -2.377641 0.772542 
L 3.150184 1.605099 
L 1.605099 -3.150184 
z
" style="stroke: #2ca02c; stroke-linejoin: miter"/>
    </defs>
    <g clip-path="url(#p275025c408)">
     <use xlink:href="#ma8e0a33dca" x="207.040359" y="159.177715" style="fill: #2ca02c; stroke: #2ca02c; stroke-linejoin: miter"/>
    </g>
   </g>
   <g id="line2d_36">
    <path d="M 207.040359 137.867297 
" clip-path="url(#p275025c408)" style="fill: none; stroke: #bcbd22; stroke-width: 1.5; stroke-linecap: square"/>
    <defs>
     <path id="m3f312c3d3c" d="M 2.377641 -0.772542 
C 2.172761 -1.4031 1.72572 -1.926517 1.134976 -2.227516 
C 0.544232 -2.528516 -0.141985 -2.582522 -0.772542 -2.377641 
C -1.4031 -2.172761 -1.926517 -1.72572 -2.227516 -1.134976 
C -2.528516 -0.544232 -2.582522 0.141985 -2.377641 0.772542 
C -2.172761 1.4031 -1.72572 1.926517 -1.134976 2.227516 
C -0.544232 2.528516 0.141985 2.582522 0.772542 2.377641 
C 1.4031 2.172761 1.926517 1.72572 2.227516 1.134976 
C 2.528516 0.544232 2.582522 -0.141985 2.377641 -0.772542 
z
" style="stroke: #2ca02c"/>
    </defs>
    <g clip-path="url(#p275025c408)">
     <use xlink:href="#m3f312c3d3c" x="207.040359" y="137.867297" style="fill: #2ca02c; stroke: #2ca02c"/>
    </g>
   </g>
   <g id="line2d_37">
    <path d="M 140.091707 181.607115 
L 273.98901 136.748315 
" clip-path="url(#p275025c408)" style="fill: none; stroke: #808080; stroke-width: 0.5; stroke-linecap: square"/>
   </g>
   <g id="line2d_38">
    <path d="M 196.897531 139.60886 
" clip-path="url(#p275025c408)" style="fill: none; stroke: #d62728; stroke-width: 1.5; stroke-linecap: square"/>
    <defs>
     <path id="m1450dcf624" d="M -2.022542 1.469463 
L 3.492006 0.553079 
L 0.553079 -3.492006 
z
" style="stroke: #d62728; stroke-linejoin: miter"/>
    </defs>
    <g clip-path="url(#p275025c408)">
     <use xlink:href="#m1450dcf624" x="196.897531" y="139.60886" style="fill: #d62728; stroke: #d62728; stroke-linejoin: miter"/>
    </g>
   </g>
   <g id="line2d_39">
    <path d="M 196.897531 121.527004 
" clip-path="url(#p275025c408)" style="fill: none; stroke: #17becf; stroke-width: 1.5; stroke-linecap: square"/>
    <defs>
     <path id="m7c43e7a4c5" d="M 2.022542 -1.469463 
C 1.632836 -2.005848 1.045931 -2.365504 0.391086 -2.469221 
C -0.263759 -2.572938 -0.933079 -2.412249 -1.469463 -2.022542 
C -2.005848 -1.632836 -2.365504 -1.045931 -2.469221 -0.391086 
C -2.572938 0.263759 -2.412249 0.933079 -2.022542 1.469463 
C -1.632836 2.005848 -1.045931 2.365504 -0.391086 2.469221 
C 0.263759 2.572938 0.933079 2.412249 1.469463 2.022542 
C 2.005848 1.632836 2.365504 1.045931 2.469221 0.391086 
C 2.572938 -0.263759 2.412249 -0.933079 2.022542 -1.469463 
z
" style="stroke: #d62728"/>
    </defs>
    <g clip-path="url(#p275025c408)">
     <use xlink:href="#m7c43e7a4c5" x="196.897531" y="121.527004" style="fill: #d62728; stroke: #d62728"/>
    </g>
   </g>
   <g id="line2d_40">
    <path d="M 140.091707 181.607115 
L 253.703356 97.610605 
" clip-path="url(#p275025c408)" style="fill: none; stroke: #808080; stroke-width: 0.5; stroke-linecap: square"/>
   </g>
   <g id="line2d_41">
    <path d="M 181.194136 124.1511 
" clip-path="url(#p275025c408)" style="fill: none; stroke: #9467bd; stroke-width: 1.5; stroke-linecap: square"/>
    <defs>
     <path id="ma820375e8e" d="M -1.469463 2.022542 
L 3.492006 -0.553079 
L -0.553079 -3.492006 
z
" style="stroke: #9467bd; stroke-linejoin: miter"/>
    </defs>
    <g clip-path="url(#p275025c408)">
     <use xlink:href="#ma820375e8e" x="181.194136" y="124.1511" style="fill: #9467bd; stroke: #9467bd; stroke-linejoin: miter"/>
    </g>
   </g>
   <g id="line2d_42">
    <path d="M 181.194136 111.067791 
" clip-path="url(#p275025c408)" style="fill: none; stroke: #1f77b4; stroke-width: 1.5; stroke-linecap: square"/>
    <defs>
     <path id="m3c63f352d7" d="M 1.469463 -2.022542 
C 0.933079 -2.412249 0.263759 -2.572938 -0.391086 -2.469221 
C -1.045931 -2.365504 -1.632836 -2.005848 -2.022542 -1.469463 
C -2.412249 -0.933079 -2.572938 -0.263759 -2.469221 0.391086 
C -2.365504 1.045931 -2.005848 1.632836 -1.469463 2.022542 
C -0.933079 2.412249 -0.263759 2.572938 0.391086 2.469221 
C 1.045931 2.365504 1.632836 2.005848 2.022542 1.469463 
C 2.412249 0.933079 2.572938 0.263759 2.469221 -0.391086 
C 2.365504 -1.045931 2.005848 -1.632836 1.469463 -2.022542 
z
" style="stroke: #9467bd"/>
    </defs>
    <g clip-path="url(#p275025c408)">
     <use xlink:href="#m3c63f352d7" x="181.194136" y="111.067791" style="fill: #9467bd; stroke: #9467bd"/>
    </g>
   </g>
   <g id="line2d_43">
    <path d="M 140.091707 181.607115 
L 222.296565 66.695086 
" clip-path="url(#p275025c408)" style="fill: none; stroke: #808080; stroke-width: 0.5; stroke-linecap: square"/>
   </g>
   <g id="line2d_44">
    <path d="M 161.467335 114.317554 
" clip-path="url(#p275025c408)" style="fill: none; stroke: #1f77b4; stroke-width: 1.5; stroke-linecap: square"/>
    <defs>
     <path id="m29bcaf28cf" d="M -0.772542 2.377641 
L 3.150184 -1.605099 
L -1.605099 -3.150184 
z
" style="stroke: #1f77b4; stroke-linejoin: miter"/>
    </defs>
    <g clip-path="url(#p275025c408)">
     <use xlink:href="#m29bcaf28cf" x="161.467335" y="114.317554" style="fill: #1f77b4; stroke: #1f77b4; stroke-linejoin: miter"/>
    </g>
   </g>
   <g id="line2d_45">
    <path d="M 161.467335 107.51348 
" clip-path="url(#p275025c408)" style="fill: none; stroke: #ff7f0e; stroke-width: 1.5; stroke-linecap: square"/>
    <defs>
     <path id="m5f92440500" d="M 0.772542 -2.377641 
C 0.141985 -2.582522 -0.544232 -2.528516 -1.134976 -2.227516 
C -1.72572 -1.926517 -2.172761 -1.4031 -2.377641 -0.772542 
C -2.582522 -0.141985 -2.528516 0.544232 -2.227516 1.134976 
C -1.926517 1.72572 -1.4031 2.172761 -0.772542 2.377641 
C -0.141985 2.582522 0.544232 2.528516 1.134976 2.227516 
C 1.72572 1.926517 2.172761 1.4031 2.377641 0.772542 
C 2.582522 0.141985 2.528516 -0.544232 2.227516 -1.134976 
C 1.926517 -1.72572 1.4031 -2.172761 0.772542 -2.377641 
z
" style="stroke: #1f77b4"/>
    </defs>
    <g clip-path="url(#p275025c408)">
     <use xlink:href="#m5f92440500" x="161.467335" y="107.51348" style="fill: #1f77b4; stroke: #1f77b4"/>
    </g>
   </g>
   <g id="line2d_46">
    <path d="M 140.091707 181.607115 
L 182.842963 47.027993 
" clip-path="url(#p275025c408)" style="fill: none; stroke: #808080; stroke-width: 0.5; stroke-linecap: square"/>
   </g>
   <g id="patch_5">
    <path d="M 34.283052 287.415769 
L 34.283052 75.798461 
" style="fill: none; stroke: #000000; stroke-width: 0.8; stroke-linejoin: miter; stroke-linecap: square"/>
   </g>
   <g id="patch_6">
    <path d="M 245.900361 287.415769 
L 245.900361 75.798461 
" style="fill: none; stroke: #000000; stroke-width: 0.8; stroke-linejoin: miter; stroke-linecap: square"/>
   </g>
   <g id="patch_7">
    <path d="M 34.283053 287.415769 
L 245.900361 287.415769 
" style="fill: none; stroke: #000000; stroke-width: 0.8; stroke-linejoin: miter; stroke-linecap: square"/>
   </g>
   <g id="patch_8">
    <path d="M 34.283053 75.798461 
L 245.900361 75.798461 
" style="fill: none; stroke: #000000; stroke-width: 0.8; stroke-linejoin: miter; stroke-linecap: square"/>
   </g>
   <g id="text_15">
    <!--  1 -->
    <g style="fill: #ff7f0e" transform="translate(140.534917 252.002355) scale(0.1 -0.1)">
     <defs>
      <path id="DejaVuSans-20" transform="scale(0.015625)"/>
     </defs>
     <use xlink:href="#DejaVuSans-20"/>
     <use xlink:href="#DejaVuSans-31" transform="translate(31.787109 0)"/>
    </g>
   </g>
   <g id="text_16">
    <!--  2 -->
    <g style="fill: #2ca02c" transform="translate(162.310718 241.41316) scale(0.1 -0.1)">
     <defs>
      <path id="DejaVuSans-32" d="M 1228 531 
L 3431 531 
L 3431 0 
L 469 0 
L 469 531 
Q 828 903 1448 1529 
Q 2069 2156 2228 2338 
Q 2531 2678 2651 2914 
Q 2772 3150 2772 3378 
Q 2772 3750 2511 3984 
Q 2250 4219 1831 4219 
Q 1534 4219 1204 4116 
Q 875 4013 500 3803 
L 500 4441 
Q 881 4594 1212 4672 
Q 1544 4750 1819 4750 
Q 2544 4750 2975 4387 
Q 3406 4025 3406 3419 
Q 3406 3131 3298 2873 
Q 3191 2616 2906 2266 
Q 2828 2175 2409 1742 
Q 1991 1309 1228 531 
z
" transform="scale(0.015625)"/>
     </defs>
     <use xlink:href="#DejaVuSans-20"/>
     <use xlink:href="#DejaVuSans-32" transform="translate(31.787109 0)"/>
    </g>
   </g>
   <g id="text_17">
    <!--  3 -->
    <g style="fill: #d62728" transform="translate(181.911561 224.969713) scale(0.1 -0.1)">
     <defs>
      <path id="DejaVuSans-33" d="M 2597 2516 
Q 3050 2419 3304 2112 
Q 3559 1806 3559 1356 
Q 3559 666 3084 287 
Q 2609 -91 1734 -91 
Q 1441 -91 1130 -33 
Q 819 25 488 141 
L 488 750 
Q 750 597 1062 519 
Q 1375 441 1716 441 
Q 2309 441 2620 675 
Q 2931 909 2931 1356 
Q 2931 1769 2642 2001 
Q 2353 2234 1838 2234 
L 1294 2234 
L 1294 2753 
L 1863 2753 
Q 2328 2753 2575 2939 
Q 2822 3125 2822 3475 
Q 2822 3834 2567 4026 
Q 2313 4219 1838 4219 
Q 1578 4219 1281 4162 
Q 984 4106 628 3988 
L 628 4550 
Q 988 4650 1302 4700 
Q 1616 4750 1894 4750 
Q 2613 4750 3031 4423 
Q 3450 4097 3450 3541 
Q 3450 3153 3228 2886 
Q 3006 2619 2597 2516 
z
" transform="scale(0.015625)"/>
     </defs>
     <use xlink:href="#DejaVuSans-20"/>
     <use xlink:href="#DejaVuSans-33" transform="translate(31.787109 0)"/>
    </g>
   </g>
   <g id="text_18">
    <!--  4 -->
    <g style="fill: #9467bd" transform="translate(197.418771 204.28162) scale(0.1 -0.1)">
     <defs>
      <path id="DejaVuSans-34" d="M 2419 4116 
L 825 1625 
L 2419 1625 
L 2419 4116 
z
M 2253 4666 
L 3047 4666 
L 3047 1625 
L 3713 1625 
L 3713 1100 
L 3047 1100 
L 3047 0 
L 2419 0 
L 2419 1100 
L 313 1100 
L 313 1709 
L 2253 4666 
z
" transform="scale(0.015625)"/>
     </defs>
     <use xlink:href="#DejaVuSans-20"/>
     <use xlink:href="#DejaVuSans-34" transform="translate(31.787109 0)"/>
    </g>
   </g>
   <g id="text_19">
    <!--  5 -->
    <g style="fill: #1f77b4" transform="translate(207.314391 181.37398) scale(0.1 -0.1)">
     <use xlink:href="#DejaVuSans-20"/>
     <use xlink:href="#DejaVuSans-35" transform="translate(31.787109 0)"/>
    </g>
   </g>
   <g id="text_20">
    <!--  6 -->
    <g style="fill: #ff7f0e" transform="translate(210.629764 158.489162) scale(0.1 -0.1)">
     <defs>
      <path id="DejaVuSans-36" d="M 2113 2584 
Q 1688 2584 1439 2293 
Q 1191 2003 1191 1497 
Q 1191 994 1439 701 
Q 1688 409 2113 409 
Q 2538 409 2786 701 
Q 3034 994 3034 1497 
Q 3034 2003 2786 2293 
Q 2538 2584 2113 2584 
z
M 3366 4563 
L 3366 3988 
Q 3128 4100 2886 4159 
Q 2644 4219 2406 4219 
Q 1781 4219 1451 3797 
Q 1122 3375 1075 2522 
Q 1259 2794 1537 2939 
Q 1816 3084 2150 3084 
Q 2853 3084 3261 2657 
Q 3669 2231 3669 1497 
Q 3669 778 3244 343 
Q 2819 -91 2113 -91 
Q 1303 -91 875 529 
Q 447 1150 447 2328 
Q 447 3434 972 4092 
Q 1497 4750 2381 4750 
Q 2619 4750 2861 4703 
Q 3103 4656 3366 4563 
z
" transform="scale(0.015625)"/>
     </defs>
     <use xlink:href="#DejaVuSans-20"/>
     <use xlink:href="#DejaVuSans-36" transform="translate(31.787109 0)"/>
    </g>
   </g>
   <g id="text_21">
    <!--  7 -->
    <g style="fill: #2ca02c" transform="translate(207.040359 137.867297) scale(0.1 -0.1)">
     <defs>
      <path id="DejaVuSans-37" d="M 525 4666 
L 3525 4666 
L 3525 4397 
L 1831 0 
L 1172 0 
L 2766 4134 
L 525 4134 
L 525 4666 
z
" transform="scale(0.015625)"/>
     </defs>
     <use xlink:href="#DejaVuSans-20"/>
     <use xlink:href="#DejaVuSans-37" transform="translate(31.787109 0)"/>
    </g>
   </g>
   <g id="text_22">
    <!--  8 -->
    <g style="fill: #d62728" transform="translate(196.897531 121.527004) scale(0.1 -0.1)">
     <defs>
      <path id="DejaVuSans-38" d="M 2034 2216 
Q 1584 2216 1326 1975 
Q 1069 1734 1069 1313 
Q 1069 891 1326 650 
Q 1584 409 2034 409 
Q 2484 409 2743 651 
Q 3003 894 3003 1313 
Q 3003 1734 2745 1975 
Q 2488 2216 2034 2216 
z
M 1403 2484 
Q 997 2584 770 2862 
Q 544 3141 544 3541 
Q 544 4100 942 4425 
Q 1341 4750 2034 4750 
Q 2731 4750 3128 4425 
Q 3525 4100 3525 3541 
Q 3525 3141 3298 2862 
Q 3072 2584 2669 2484 
Q 3125 2378 3379 2068 
Q 3634 1759 3634 1313 
Q 3634 634 3220 271 
Q 2806 -91 2034 -91 
Q 1263 -91 848 271 
Q 434 634 434 1313 
Q 434 1759 690 2068 
Q 947 2378 1403 2484 
z
M 1172 3481 
Q 1172 3119 1398 2916 
Q 1625 2713 2034 2713 
Q 2441 2713 2670 2916 
Q 2900 3119 2900 3481 
Q 2900 3844 2670 4047 
Q 2441 4250 2034 4250 
Q 1625 4250 1398 4047 
